fecha	PREMIUM	PREMIUM_PPI	REGULAR	REGULAR_PPI	AVTUR	FUEL_OIL	GASOIL_OPT	GASOIL_REG	GLP	GLP_PPI	GNP	KEROSENE	TCN_COMPRA	TCN_VENTA	WTI	BRENT	GAS_PRICE_USA
3/28/2001													16.66	16.66	26.86	24.038	1.404
4/4/2001	41.61		36.01										16.66	16.66	26.76	24.004	1.442
4/11/2001	42.25	17.36	36.53										16.66	16.66	28.27	26.002	1.5
4/18/2001	43.82	19.95	38.56										16.66	16.66	27.89	26.266	1.571
4/25/2001	43.82	18.93	38.16										16.66	16.66	26.99	26.046	1.619
5/2/2001	43.08		37.38										16.66	16.66	28.36	27.278	1.626
5/9/2001	43.3	18.41	37.74										16.66	16.66	28.12	27.772	1.703
5/16/2001	43.44	18.55	37.94										16.66	16.66	29.08	28.342	1.713
5/23/2001	41.54		36.1										16.66	16.66	28.92	29.314	1.687
5/30/2001	43.67	18.78	38.12										16.66	16.66	28.44	28.86	1.704
6/6/2001	41.45		36.01										16.66	16.66	27.98	28.872	1.679
6/13/2001	39.38		34.17										16.66	16.66	28.9	28.872	1.647
6/20/2001	39.66	14.77	34.71										16.66	16.66	27.09	26.818	1.601
6/27/2001	38.02		33.11										16.66	16.66	26.37	26.632	1.538
7/4/2001	36.58		31.75										16.66	16.66	26.87	25.9	1.474
7/11/2001	36.82	11.93	31.92										16.66	16.66	27.07	24.472	1.437
7/18/2001	37.45	12.56	32.49										16.66	16.66	25.26	23.472	1.413
7/25/2001	38.56	13.67	33.15										16.66	16.66	26.5	24.694	1.395
8/1/2001	38.86	13.97	33.59										16.66	16.66	27.1	24.826	1.384
8/8/2001	38.38	13.49	33.37										16.66	16.66	27.87	25.6	1.376
8/15/2001	39.24	14.35	34.18										16.66	16.66	27.52	25.412	1.392
8/22/2001	39.6	14.71	34.62										16.66	16.66	27.25	25.482	1.427
8/29/2001	40.06		34.92										16.66	16.66	26.84	26.57	1.488
9/5/2001	41.5	16.61	36.02										16.66	16.66	27.38	26.642	1.545
9/12/2001	41.1	16.21	35.82										16.66	16.66	28.22	28.474	1.527
9/19/2001	41.52	16.63	36.35										16.66	16.66	27.09	26.408	1.529
9/26/2001	38.44	13.55	33.55										16.66	16.66	22.35	20.954	1.485
10/3/2001	36.51	11.7	31.36										16.66	16.66	22.6	21.108	1.416
10/10/2001	36.87	11.98	31.72										16.66	16.66	22.66	20.906	1.352
10/17/2001	36.28		31.35										16.66	16.66	21.92	19.884	1.309
10/24/2001	35.61	10.72	30.65										16.66	16.66	21.78	20.458	1.265
10/31/2001	36.06	11.17	31.09										16.66	16.66	21.17	19.722	1.235
11/7/2001	36.18	10.57	31.04										16.66	16.66	20.7	19.308	1.206
11/14/2001	36.11		31.02										16.66	16.66	19.61	18.42	1.182
11/21/2001	35.61	10	30.54										16.846	16.846	18.28	18.572	1.167
11/28/2001	35.62		30.56										16.97666667	16.97666667	19.13	18.804	1.127
12/5/2001	35.66	10.05	30.57										16.984	16.984	19.47	18.986	1.108
12/12/2001	35.84		30.71										16.97	16.97	18.45	18.022	1.095
12/19/2001	35.51	9.9	30.36										16.97	16.97	19.2	18.744	1.059
12/26/2001	36.34	10.73	31.31										16.97	16.97	20.94	19.09666667	1.072
1/2/2002		11.77											16.9825	16.9825	20.8	20.2875	1.096
1/9/2002		12.21											17.028	17.028	20.54	20.422	1.112
1/16/2002		11.39											17.04	17.04	18.61	18.524	1.111
1/23/2002		11.17											17.04	17.04	19.21	18.772	1.105
1/30/2002		11.37											17.118	17.118	19.71	19.296	1.101
2/6/2002		10.99											17.15	17.15	19.97	19.912	1.116
2/13/2002		11.23											17.15	17.15	21.18	20.994	1.107
2/20/2002		11.82											17.15	17.15	20.7	20.018	1.116
2/27/2002		11.55											17.15	17.15	21.43	20.604	1.116
3/6/2002		12.03											17.15	17.15	23.31	22.274	1.144
3/13/2002		14.09											17.15	17.15	24.4	23.42	1.223
3/20/2002		15.04											17.15	17.15	25.25	24.434	1.288
3/27/2002	41.17	15.89	35.71										17.15	17.15	25.86	25.032	1.342
4/3/2002	42.3	15.56	36.71										17.48	17.54	26.99	26.422	1.371
4/10/2002	42.16	16.69	36.8										17.612	17.726	25.24	24.888	1.413
4/17/2002	41.5	16.55	36.42										17.6	17.766	25.54	24.888	1.404
4/24/2002	41.13	15.89	35.65										17.566	17.744	26.46	26.242	1.404
5/1/2002	41.56	15.52	36.1										17.56	17.7425	26.88	26.406	1.393
5/8/2002	40.9	15.95	35.44										17.56	17.76	27.27	26.15	1.395
5/15/2002	41.02	15.29	35.57										17.56	17.76	28.43	26.35	1.388
5/22/2002	41.36	15.41	36.08										17.56	17.76	27.18	24.61	1.397
5/29/2002	40.84		35.57										17.56	17.76	25.22	24	1.387
6/5/2002	40.42	15.23	35.22										17.56	17.76	25.01	22.99	1.392
6/12/2002	40.21	14.81	34.87										17.56	17.76	24.94	23.196	1.375
6/19/2002	41.25	14.6	35.83										17.56	17.76	25.61	24.548	1.378
6/26/2002	41.47	15.64	36.05										17.56	17.76	26.52	25.156	1.384
7/3/2002	41.33	15.86	35.94										17.56	17.76	26.81	25.628	1.392
7/10/2002	41.02	15.72	35.48										17.56	17.76	26.7	25.548	1.382
7/17/2002	42.73	15.41	37.09										17.56	17.76	27.62	26.276	1.394
7/24/2002	41.72	17.2	35.61										17.56	17.76	26.64	25.448	1.41
7/31/2002	41.57	16.11	35.66										17.56	17.76	26.87	25.678	1.407
8/7/2002	41.56		35.82										17.56	17.76	26.77	25.518	1.395
8/14/2002	41.59	15.95	35.92										17.56	17.76	28.52	26.44	1.393
8/21/2002	42.21	15.98	36.69										17.56	17.76	30.09	27.584	1.392
8/28/2002	42.62	16.6	36.69										17.56	17.76	28.84	27.532	1.403
9/4/2002	41.8	17.01	35.98										17.56	17.76	28.65	27.448	1.394
9/11/2002	43.16	16.19	37.56										17.56	17.76	29.59	28.512	1.395
9/18/2002	42.52	17.55	37.01										17.56	17.76	29.39	28.322	1.401
9/25/2002	43.67	16.91	37.79										17.56	17.76	30.63	29.174	1.395
10/2/2002	44.15	18.06	38.45										17.56	17.76	30.25	28.89	1.413
10/9/2002	44.19	18.54	38.58										17.56	17.76	29.37	28.166	1.439
10/16/2002	45.83	18.58	40.13										17.56	17.76	29.65	28.45	1.44
10/23/2002	43.9	20.22	38.09										17.56	17.76	27.88	26.624	1.458
10/30/2002	44.32		38.61										17.56	17.76	27.03	25.546	1.444
11/6/2002	44.92	18.71	38.63										17.56	17.76	25.97	24.3	1.448
11/13/2002	42.66	19.31	36.79										17.56	17.76	25.68	23.396	1.439
11/20/2002	42.33	17.05	36.32										17.56	17.76	26.98	24.164	1.409
11/27/2002	42.61	16.72	36.78										17.56	17.76	26.83	25.192	1.38
12/4/2002	43.64	17	37.78										17.56	17.76	27.14	25.91	1.364
12/11/2002	44.94	18.03	39.1										17.56	17.76	27.82	26.838	1.36
12/18/2002	45.12		39.63										17.56	17.76	30.35	29.556	1.363
12/25/2002	47.33	19.51	41.87										17.56	17.76	32.38	31.01	1.401
1/1/2003	50.74	21.72	44.63										17.56	17.76	31.96	30.9725	1.441
1/8/2003	51.19	20.75	44.88										17.56	17.76	31.54	30.368	1.444
1/15/2003	49.17	20.33	43.08										17.56	17.76	33.04	31.482	1.454
1/22/2003	49.43	22.87	42.93										17.56	17.76	34.46	31.808	1.459
1/29/2003	52.05	22.98	45.65										17.56	17.76	33.19	31.2	1.473
2/5/2003	52.22		46.08										17.56	17.76	33.95	31.578	1.527
2/12/2003	53		46.97										17.56	17.76	35.79	32.786	1.607
2/19/2003	54.67		48.42										17.56	17.76	36.78	33	1.66
2/26/2003	56.6		50.2										20.4425	20.6425	36.98	33.72	1.658
3/5/2003	56.83		50.31										22.69	22.89	36.98	34.11	1.686
3/12/2003	58.11	28.31	51.78										22.01	22.21	36.66	33.724	1.712
3/19/2003	60.9	27.9	54.45										22.74	22.94	30.46	28.178	1.728
3/26/2003	64.16	25.95	57.61										23.23	23.43	30.43	26.95	1.69
4/2/2003	63.8	24.74	57.12										23.738	23.938	29.33	26.93	1.649
4/9/2003	64.28	25.32	57.36										23.534	23.734	28.03	24.962	1.63
4/16/2003	64.07	23.33	57.17										23.725	23.925	29.28	25.088	1.595
4/23/2003	67.19	24.02	60.13										24.052	24.252	28.43	24.878	1.574
4/30/2003	65.28	24.47	58.47										24.1	24.3	25.69	23.554	1.557
5/7/2003	68.32	22.45	61.18										24.6275	24.8275	26.58	24.308	1.513
5/14/2003	66.77		59.4										25.01	25.21	28.54	26.214	1.491
5/21/2003	60.14	25.33	52.51										25.8	26	29.29	27.192	1.498
5/28/2003	63.8	25.5	55.63										27.26	27.46	29.1	26.556	1.487
6/4/2003	62.52	26.28	54.58										27.78	27.98	30.68	27.916	1.473
6/11/2003	59.5	27.95	52.01										27.98	28.18	31.46	28.38	1.49
6/18/2003	61.05	30.97	53.31										28	28.2	30.6	26.882	1.518
6/25/2003	65.3	30.11	57.69										31.2	31.4	30.01	27.188	1.496
7/2/2003	66.4	31.39	58.61										32.738	33.164	30.31	28.402	1.487
7/9/2003	65.22		57.75										34.338	34.86	30.73	28.424	1.489
7/16/2003	70.15		62.07										34.492	34.934	31.48	28.738	1.521
7/23/2003	69.04	37.08	61.6										34.954	35.252	30.61	28.022	1.524
7/30/2003	68.48	37.56	61.45										35.166	35.384	30.73	28.52	1.516
8/6/2003	73.85	37.35	66.77										34.68	34.996	32.11	30.188	1.536
8/13/2003	72.22	40.47	64.97										32.944	33.518	31.31	29.596	1.571
8/20/2003	73.64	38.56	66.38										32.874	33.168	31.19	29.702	1.627
8/27/2003	71.21	41.6	64.2										34.122	34.622	31.56	30.118	1.747
9/3/2003	72.37	40.05	65.2										30.708	31.49	29.2	28.164	1.746
9/10/2003	63.8		55.63										30.744	31.37	28.92	27.574	1.717
9/17/2003	62.52	35.22	54.58										32.618	33.074	27.39	25.898	1.697
9/24/2003	59.5		52.01										32.6125	32.9925	27.73	26.486	1.643
10/1/2003	61.05	30.67	53.31										32.904	33.176	29.43	28.376	1.591
10/8/2003	65.3	31.97	57.69										34.44	34.808	30.69	29.88	1.573
10/15/2003	66.4	36.22	58.61										34.61	35.022	31.49	31	1.568
10/22/2003	65.22	37.32	57.75										35.352	35.612	30.17	29.656	1.571
10/29/2003	70.15	35.64	62.07										36.244	36.576	29.28	28.456	1.542
11/5/2003	69.04	40.57	61.6										38.78	39.222	29.79	28.05	1.535
11/12/2003	68.48		61.45										37.745	38.4225	31.56	29.014	1.504
11/19/2003	73.85	39.15	66.77										40.366	40.722	32.58	29.608	1.497
11/26/2003	72.22		64.97										41.678	42.22	30.11	28.338	1.512
12/3/2003	73.64	41.5	66.38										41.552	42.134	30.63	28.93	1.49
12/10/2003	71.21	42.35	64.2										37.986	38.506	32.16	30.168	1.476
12/17/2003	72.37	38.57	65.2										36.47	36.758	33.2	30.872	1.465
12/24/2003	71.48	39.16	64.09										34.805	35.0025	32.24	28.84333333	1.485
12/31/2003	74.95	37.19	66.89									48.92	34.8525	35.0025	32.68	29.78	1.478
1/7/2004	71.48	40.66	64.09										38.6825	39.1025	33.89	31.502	1.51
1/14/2004	74.95		66.89									67.54	46.608	46.964	34.51	31.698	1.56
1/21/2004	81.71	58.11	73.29									75.2	50.7575	51.1675	35.45	31.876	1.595
1/28/2004	92.4	65.01	83.95									73.41	50.945	52.145	33.61	30.394	1.622
2/4/2004	99.3		90									74.7	53.51	54.454	33.41	29.656	1.616
2/11/2004	99.15	70.7	89.31									67.2	49.734	51.222	33.88	30.124	1.638
2/18/2004	105.2	64	96									67.3	45.05	46.398	35.54	31.386	1.648
2/25/2004	98.5	61.3	90.1									65.7	48.4875	49.51	36.08	32.268	1.688
3/3/2004	96.2	62.2	88.6									67.4	48.488	49.106	36.67	33.732	1.717
3/10/2004	97.1		89.1									67	48.644	49.06	36.44	33.36	1.738
3/17/2004	98.7	63.82	90.4									67.2	46.266	47.096	37.78	34.564	1.724
3/24/2004	99.3		90.9									66.1	44.292	44.972	36.65	33.588	1.743
3/31/2004	100.2	63.42	92.1									63.9	43.736	44.452	35.23	32.23	1.758
4/7/2004	98.9		91.5									62.1	43.9825	44.3975	35.7	32.746	1.78
4/14/2004	99.6	59.74	90.9									67.5	44.818	45.208	37.39	33.954	1.786
4/21/2004	95.8	66.64	87									66.8	44.488	45.022	37.32	33.704	1.813
4/28/2004	102.7	64.14	93.3									67.7	44.338	44.808	37.31	34.64	1.812
5/5/2004	100.2	63.94	91.3									68.4	46.164	46.688	39.24	36.384	1.844
5/12/2004	100	64.44	91.6									71.2	46.858	47.95	40.37	37.618	1.941
5/19/2004	100.5	64.14	92									75.2	46.51	47.32	40.84	38.43	2.017
5/26/2004	100.2	73.84	91.2									75.4	47.776	48.47	40.65	37.952	2.064
6/2/2004	109.9	80.84	100.5									78.2	48.814	49.376	40.01	37.254	2.051
6/9/2004	116.9	82.44	106.7									74.9	48.64	49.1425	37.99	35.342	2.034
6/16/2004	118.5	75.39	109.2									72.8	48.49	49.018	37.86	35.09	1.985
6/23/2004	111.8		102.9									75.4	47.824	48.246	37.7	34.708	1.937
6/30/2004	103.8	70.39	95									74.4	46.444	47.186	37.14	34.002	1.921
7/7/2004	106.8	66.01	98.1									79.1	46.378	46.962	39.73	36.506	1.895
7/14/2004	103.5	72.71	94.4									74.8	43.622	44.66	40.33	37.764	1.917
7/21/2004	110.7	70.91	101.8									77	44.042	44.728	41.27	39.052	1.928
7/28/2004	109.4	68.31	100.7									80.2	44.562	45.178	42.5	40.664	1.905
8/4/2004	107.3	66.91	98.7									81.2	44.602	45.04	43.81	42.008	1.888
8/11/2004	106.4	66.51	97.8									78	42.236	43.08	45.24	43.158	1.877
8/18/2004	106.5	62.91	97									79.9	41.095	41.9925	47.28	44.564	1.875
8/25/2004	103.4	66.81	93.8									75	38.344	39.538	44.34	42.228	1.884
9/1/2004	107.8	59.31	97.4									72.2	37.528	38.42	43.28	41	1.866
9/8/2004	100.8	53.01	91									74	37.562	38.288	43.33	40.596	1.85
9/15/2004	95	55.41	86.6									76.4	37.268	37.878	44.39	41.552	1.846
9/22/2004	97.9	58.51	89.3									79.7	37.0225	37.645	47.82	45.296	1.866
9/29/2004	101.5	60.61	92.1									80.5	34.538	35.54	49.71	47.11	1.917
10/6/2004	104.1	57.61	95.2									77.9	32.014	33.052	51.77	48.086	1.938
10/13/2004	101.6		93.5									77.6	32.536	33.204	54.12	50.956	1.993
10/20/2004	101.3	55.06	93.4									77.9	32.488	32.968	54.43	50.498	2.035
10/27/2004	102.3	53.51	94.1									76.6	32.36	32.642	53.43	50.15	2.032
11/3/2004	102.5	53.05	93.8									69.2	31.446	31.914	49.81	45.784	2.034
11/10/2004	103.8		94.5									64.3	28.556	29.246	48	42.834	2.001
11/17/2004	99.4		90.1									64.7	28.994	29.538	47.02	40.632	1.969
11/24/2004	94.6	44.15	85.3									66.5	29.518	30.116	48.79	42.78	1.948
12/1/2004	94.9	46.25	85.8									62.1	28.248	28.802	46.06	41.306	1.945
12/8/2004	97	42.05	88									57.1	28.35	28.762	41.91	37.602	1.911
12/15/2004	92.8	34.75	84									62.4	28.978	29.418	43.5	39.976	1.847
12/22/2004	85.5	37.25	76.8									63.2	28.726	29.172	44.39	41.152	1.815
12/29/2004	88	38.36	79.3									62.7	29.992	30.538	42.52	39.79	1.791
1/5/2005	90.2	39.76	81.3									62.6	30.39	30.998	44.07	42.07	1.778
1/12/2005	91.6	44.06	82.2									67.3	30.39	30.935	46.79	44.586	1.793
1/19/2005	95.9	46.26	86.3									67.1	29.4775	30.0675	47.85	45.076	1.819
1/26/2005	98.1		88.7									69.2	29.2025	29.73	48.56	45.816	1.853
2/2/2005	97.9	48.34	88.7									64.5	28.724	29.166	46.97	44.038	1.911
2/9/2005	99.6	46.64	90.4									63.2	29.44	29.774	46.08	43.286	1.909
2/16/2005	97.9	44.34	88.9									64.7	28.628	29.056	47.82	45.224	1.898
2/23/2005	95.6	44.84	86.6									68	28.638	28.946	51.75	48.228	1.905
3/2/2005	96.1	45.34	87.2									69.6	28.5	28.806	52.74	51.328	1.928
3/9/2005	96.6	45.84	87.7									70.6	28.422	28.722	54.22	53.092	1.999
3/16/2005	97.1		88.2									72.4	28.444	28.64	55.93	54.852	2.056
3/23/2005	102.8	51.74	93.8									72.6	27.88333333	28.23333333	52.95	53.7625	2.109
3/30/2005	103	53.74	94									72.1	28.006	28.382	54.97	52.232	2.153
4/6/2005	105	55.94	95.5									75.9	28.194	28.604	55.24	53.786	2.217
4/13/2005	107.2		96.7									70.2	28.218	28.516	51.44	50.428	2.28
4/20/2005	109.5		99.6									70.5	28.282	28.524	52.39	51.228	2.237
4/27/2005	103.1		93.4									71.8	28.416	28.63	52	51.642	2.236
5/4/2005	105.6		94.9									70.8	28.4975	28.68	50.64	50.048	2.235
5/11/2005	103.3		93.3									70.3	28.512	28.682	50.33	48.696	2.186
5/18/2005	105.1		94.4									68.1	28.892	29.09	47.77	46.982	2.163
5/25/2005	102.6		92.3									68.9	28.8575	29.1275	50.15	48.588	2.125
6/1/2005	102.2		92.1									72.3	28.884	29.128	53.76	50.458	2.097
6/8/2005	105		94.7									75	28.798	29.008	53.74	51.898	2.116
6/15/2005	105.4		95.5									76.6	28.942	29.122	56.18	54.172	2.13
6/22/2005	106		96.3									76.2	28.92	29.094	59.04	56.952	2.161
6/29/2005	108.4		98.6									75.6	28.906	29.044	58.21	56.688	2.215
7/6/2005	108.1		97.6									78.6	28.902	29.042	60.36	57.984	2.226
7/13/2005	111		100.1									77	28.924	29.058	59.18	57.43	2.328
7/20/2005	112.1		100.8									74.1	28.92184	29.05874	57.3	56.392	2.317
7/27/2005	109.9		97.8									75.3	28.95766	29.08696	59.39	58.496	2.289
8/3/2005	110.3		98.2									77.2	29.00138	29.12786	61.64	60.416	2.291
8/10/2005	113.9		102.4									81	28.99438	29.11944	64.85	64.456	2.368
8/17/2005	116.9		106.5									82.9	28.9404	29.076075	64.92	64.23	2.55
8/24/2005	121.2		112.2									83.2	28.98646	29.11256	66.34	65.678	2.612
8/31/2005	115.4		106.3									95	29.27056	29.53148	68.47	66.092	2.61
9/7/2005	125		115.4									96.2	30.0986	30.58702	64.81	63.24	3.069
9/14/2005	138.8		127.6									88.8	30.3168	30.7904	63.84	61.216	2.955
9/21/2005	126.1		114.9									98.1	30.5989	30.9314	66.43	63.628	2.786
9/28/2005	138.8		124.9									117.5	31.0453	31.30516	66.06	62.164	2.803
10/5/2005	141.8		127.9									121.5	31.27158	31.49192	63.06	58.926	2.928
10/12/2005	139.8		125.9									126.5	32.1952	32.72182	62.87	58.59	2.848
10/19/2005	136.8		122.8									116.6	32.86898	33.11514	62.28	58.154	2.725
10/26/2005	132.3		118.8									99.7	33.05732	33.25528	61.33	58.498	2.603
11/2/2005	122.1		111									98	33.64494	33.9145	60.34	58.744	2.48
11/9/2005	120.7		109.7									96.7	33.98866	34.23664	58.8	56.788	2.376
11/16/2005	122.6		111.9									93.1	32.90012	33.18584	57	53.774	2.296
11/23/2005	119.9		109.4									93.3	32.68116	32.9913	58.13	53.572	2.201
11/30/2005	121.8		110.4									91.4	33.00798	33.3471	57.78	53.592	2.154
12/7/2005	121.1		109.5									96.4	32.80192	33.06036	59.83	56.068	2.147
12/14/2005	128.1		115									98.2	32.8283	33.0592	60.32	58.752	2.185
12/21/2005	128.6		117.4									94.5	33.1541	33.43238	57.97	56.36	2.211
12/28/2005	124.4		113.1									97.7	33.75406	34.05652	59.82	57.3775	2.197
1/4/2006	128.5		116.8									96.9	34.58362	34.95294	63.39	61.7175	2.238
1/11/2006	126.7		115.6									97.7	34.483975	34.778175	63.74	62.18	2.327
1/18/2006	130.3		119.3									98.7	34.4961	34.75112	66.79	63.544	2.32
1/25/2006	131.3		119.8									103	34.677	34.88346	66.82	63.774	2.336
2/1/2006	130.5		118.8									102.5	34.5925	34.8145	66.59	64	2.357
2/8/2006	132.8		121.5									98.2	34.61256	34.81802	63.06	61.228	2.342
2/15/2006	127.8		116.6									96.5	34.55484	34.77506	59.37	58.044	2.284
2/22/2006	123.4		112.5									96.7	33.49946	33.8362	59.93	59.39	2.24
3/1/2006	125.1		114.9									97.3	32.555275	32.97555	62.27	61.06	2.254
3/8/2006	127.2		116.6									97.5	32.75634	33.01398	60.89	59.496	2.331
3/15/2006	132		119.5									99.5	32.77208	33.01444	62.64	62.422	2.366
3/22/2006	136.9		123.4									96.6	32.24008	32.51594	61.36	61.606	2.504
3/29/2006	135.9		121.8									98.7	32.40326	32.71472	65.67	64.758	2.498
4/5/2006	138.8		124.4									100.6	32.25666	32.45766	66.56	66.928	2.588
4/12/2006	140.9		126.4									102.5	32.021325	32.2372	68.85	68.9125	2.683
4/19/2006	139.9		125.4									106.8	32.13178	32.32912	71.87	72.5425	2.783
4/26/2006	142.9		128.4									106.8	31.9984	32.27062	70.38	72.844	2.914
5/3/2006	145.5		131.3									106.8	32.316825	32.545475	72.14	72.922	2.919
5/10/2006	144		130.3									105.8	32.4312	32.66394	71.5	70.438	2.909
5/17/2006	144.4		131.1									104	32.623275	32.866475	69.07	67.838	2.947
5/24/2006	141		129.4									104.2	32.51942	32.72656	70.35	68.466	2.892
5/31/2006	140.9		129.2									106.2	32.68986	32.96284	71.53	68.748	2.867
6/7/2006	144.9		133.4									108.3	32.68858	32.87348	71.54	67.888	2.892
6/14/2006	148.4		137									108.1	32.760325	32.94	69.48	66.172	2.906
6/21/2006	146.8		134.6									102.9	32.8015	32.96454	69.94	68.33	2.871
6/28/2006	146.7		131.3									104.4	32.79118	32.93962	72.65	71.818	2.869
7/5/2006	149.9		134.9									107.5	32.7794	32.92316	74.65	73.45	2.934
7/12/2006	150.9		139.5									106.4	32.79696	32.93938	75.21	73.986	2.973
7/19/2006	149.8		137.9									110.7	32.69376	32.8659	73.98	73.516	2.989
7/26/2006	154.3		141									108.8	32.74144	32.89484	73.87	73.53	3.003
8/2/2006	157.5		141.7									111.1	32.72204	32.88666	75.2	76.316	3.004
8/9/2006	161.2		142									110.1	32.66604	32.8295	75.63	76.978	3.038
8/16/2006	154.5		137.5									105.9	32.56755	32.744825	71.79	72.348	3
8/23/2006	144.5		129.2									107.5	32.57196	32.75038	72.12	71.916	2.924
8/30/2006	139.3		126.2									104.7	32.68644	32.8448	70.01	68.35	2.845
9/6/2006	133.3		122.3									102.6	32.80026	32.96504	67.53	65.758	2.727
9/13/2006	131.6		119.1									94.9	32.88518	33.03588	63.98	61.38	2.618
9/20/2006	127.4		116.3									93.4	32.91334	33.06984	61.4	60.232	2.497
9/27/2006	126.6		114									97.4	33.2371	33.43928	61.94	58.758	2.378
10/4/2006	128.4		115.1									95.3	33.44608	33.66852	59.77	57.146	2.31
10/11/2006	130.5		115.3									96.6	33.41362	33.63996	58.58	58.328	2.261
10/18/2006	127		115.2									96.3	33.48454	33.6283	58.48	58.508	2.226
10/25/2006	126.9		115.1									94.9	33.51062	33.65208	58.88	57.732	2.208
11/1/2006	127.8		116.2									92.1	33.6057	33.75575	58.55	56.478	2.218
11/8/2006	128.3		115									94.6	33.637325	33.77985	59.96	58.018	2.2
11/15/2006	131.5		118.2									93.9	33.63632	33.75616	57.56	57.852	2.232
11/22/2006	132		117.7									96.1	33.58486	33.70744	57.24	59.198	2.239
11/29/2006	131.3		118									99	33.35673333	33.51255	62.02	62.594	2.246
12/6/2006	132.7		120									100.8	33.02466	33.22552	62.32	63.632	2.297
12/13/2006	132		118.9									97.9	32.80846	33.05362	61.91	62.564	2.293
12/20/2006	130		117.9									97.1	33.10938	33.29916	62.4	62.436	2.32
12/27/2006	132.7		120.7									96.8	33.41645	33.639525	60.66	59.69	2.341
1/3/2007	131.8		119.9									96.4	33.674125	33.8634	57.76	55.63	2.334
1/10/2007	133.5		121.4									93.7	34.08184	34.33638	54.11	51.788	2.306
1/17/2007	130.6		119.8									94	33.5763	33.79184	51.51	51.3975	2.229
1/24/2007	129.1		121.6									95.2	33.53378	33.68278	53.57	54.868	2.165
1/31/2007	128.5		118.6									96.4	33.518425	33.677575	57.11	55.918	2.165
2/7/2007	132		121.3									96.7	33.37684	33.51242	58.99	57.902	2.191
2/14/2007	133.4		122.9									96.3	33.38368	33.5096	58.41	55.544	2.241
2/21/2007	135.7		124.8									95.5	33.29636	33.45088	59.57	57.886	2.296
2/28/2007	138.1		127.7									98.94	33.289825	33.44725	61.64	60.622	2.383
3/7/2007	140.8		130.6									99.3	33.02804	33.20394	60.85	60.348	2.505
3/14/2007	142.9		133									98.4	32.81348	32.98286	57.94	60.866	2.559
3/21/2007	144.3		133.6									96.9	32.62208	32.77698	58.26	61.09	2.577
3/28/2007	143.4		132.8									101.1	32.5033	32.68414	64.18	66.098	2.61
4/4/2007	147.6		134.9									105.1	32.274	32.49065	64.82	68.545	2.707
4/11/2007	151.2		137.7									106.4	32.28796	32.45862	62.58	68.2025	2.802
4/18/2007	153.1		139.5									107	32.0468	32.20868	63.06	66.208	2.876
4/25/2007	151.9		138.8									106.6	32.31272	32.47784	65.26	67.394	2.869
5/2/2007	154.4		140.9									106.7	32.32455	32.508125	63.82	66.038	2.971
5/9/2007	156.6		144									104.9	32.1654	32.3371	61.9	63.912	3.054
5/16/2007	158.1		147.5									105.7	31.95966	32.11416	63.61	67.554	3.103
5/23/2007	160.8		149.9									107.5	32.05088	32.19642	64.89	70.65	3.218
5/30/2007	160.1		149									106.7	32.27028	32.3915	63.94	68.445	3.209
6/6/2007	159.5		148.2									107.8	32.186375	32.323325	65.9	71.232	3.157
6/13/2007	156.7		145.7									106.4	32.16086	32.30368	66.62	69.892	3.076
6/20/2007	154.6		143.3									109.6	32.40798	32.54598	68.78	71.78	3.009
6/27/2007	158.4		147.1									109.7	32.8812	33.06612	69.13	71.758	2.982
7/4/2007	158.7		146.9									112.3	33.24572	33.39952	71.78	74.785	2.959
7/11/2007	161.4		148.6									113.6	33.16594	33.30594	72.79	77.756	2.981
7/18/2007	163.6		151.4									111	32.8545	33.04926	74.92	78.244	3.049
7/25/2007	156.4		144.3									111.2	32.82332	32.9561	75.15	76.662	2.958
8/1/2007	152.6		141.2									112.1	32.64572	32.77404	76.75	76.338	2.876
8/8/2007	152.5		140.9									107.5	32.62744	32.78232	71.92	70.698	2.838
8/15/2007	150.1		137									110.4	32.9467	33.07654	72.05	70.092	2.771
8/22/2007	152.2		140.4									109.6	33.12815	33.286725	70.19	68.44	2.785
8/29/2007	148.7		137.2									110.9	33.1313	33.29472	72.93	70.548	2.749
9/5/2007	151.6		140.2									113.9	33.23744	33.37914	75.96	75.0575	2.796
9/12/2007	155.6		143.9									116.5	33.42558	33.56278	78.95	76.892	2.818
9/19/2007	157.9		146									118.5	33.34554	33.49538	82.26	78.17	2.787
9/26/2007	160.8		148.6									118.2	33.193825	33.365875	81.7	78.15	2.812
10/3/2007	156.4		146.8									117.6	33.37004	33.50788	80.59	77.978	2.788
10/10/2007	152.8		143									117.1	33.3393	33.47836	81.46	78.852	2.77
10/17/2007	154.2		142.8									124	33.44614	33.5785	87.8	84.29	2.762
10/24/2007	162.8		150.7									123.1	33.5712	33.71212	89.23	83.722	2.823
10/31/2007	160.3		148.7									123.1	33.57114	33.68788	93.46	90.416	2.872
11/7/2007	161.5		149.6									128.7	33.389025	33.5074	95.81	93.544	3.013
11/14/2007	165.4		154.2									132.3	33.30132	33.40902	93.56	90.738	3.111
11/21/2007	167.1		156.5									136	33.3989	33.5335	97.93	94.005	3.099
11/28/2007	167.4		157.6									136.1	33.49718	33.63026	92.47	92.16	3.097
12/5/2007	165.8		156.2									133	33.3964	33.53998	88.71	89.088	3.061
12/12/2007	161.8		152.6									131.3	33.41678	33.53208	91.18	90.244	3
12/19/2007	161.4		152.2									131	33.51124	33.65354	91.16	90.82	2.998
12/26/2007	161.2		152.1									133.2	33.703925	33.844775	95.64	94.39	2.98
1/2/2008	161.2		152.1									138	33.8743	34.079075	98.17	96.5025	3.053
1/9/2008	171.2		159.7									133.6	33.70604	33.84998	94.76	94.396	3.109
1/16/2008	168.8		158.2									133	33.67462	33.79558	91.51	90.034	3.068
1/23/2008	164.6		153.9									129	33.720525	33.85225	89.41	88.455	3.017
1/30/2008	163.1		152.9									131.8	33.92334	34.03358	91.14	91.77	2.977
2/6/2008	166.5		155.9									130.6	33.97928	34.1113	89.08	89.884	2.978
2/13/2008	164.2		153.6									133.6	33.89782	34.00946	94.13	94.982	2.96
2/20/2008	167.1		156.3									137	33.63536	33.76426	99.61	97.125	3.042
2/27/2008	170.6		160.2									142.9	33.765525	33.88	100.84	99.098	3.13
3/5/2008	173.7		163.7									148.3	33.8765	33.99366	103.44	101.902	3.162
3/12/2008	177.2		166.4									151.9	33.9383	34.0635	109.35	107.688	3.225
3/19/2008	179.5		169.3									158.5	33.904525	34.0453	105.28	103.0475	3.284
3/26/2008	178.7		168.5									154.4	33.94542	34.05664	104.49	102.048	3.259
4/2/2008	181.3		170.4									152.1	33.97562	34.07816	103.46	100.878	3.29
4/9/2008	180.9		170									162	34.05644	34.17846	109.71	106.602	3.332
4/16/2008	183.7		172.1									168.2	34.12604	34.24218	114.33	110.424	3.389
4/23/2008	186.3		175									167.5	33.95582	34.0703	118.53	114.34	3.508
4/30/2008	187.4		175.7									163.7	33.99822	34.09018	115.42	111.98	3.603
5/7/2008	188		176.1									163.7	34.01985	34.112175	123.01	119.844	3.613
5/14/2008	188		176.1									163.7	34.08115	34.195125	124.96	122.584	3.722
5/21/2008	188		176.1									173.9	33.979925	34.114075	130.14	126.47	3.791
5/28/2008	196.2		184.1									184.4	33.96364	34.11164	128.47	128.7575	3.937
6/4/2008	199.5		187.1									178	34.0856	34.20468	128.16	126.334	3.976
6/11/2008	199.8		187.8									188.6	34.14556	34.26918	134.8	134.118	4.039
6/18/2008	204.3		194.3									188.1	34.18328	34.27728	134.34	132.082	4.082
6/25/2008	205.6		196.8									185.4	34.19782	34.30588	137	135.54	4.079
7/2/2008	207.9		197.8									193.6	34.19926	34.32172	142.52	141.065	4.095
7/9/2008	208.8		199.1									192.1	34.23322	34.3545	139.95	137.434	4.114
7/16/2008	207.1		197.4									192.7	34.28286	34.39974	135.37	135.052	4.113
7/23/2008	207.2		197.2									189.7	34.30148	34.40484	125.92	126.702	4.064
7/30/2008	204.1		194									180.1	34.37252	34.47154	124.57	124.432	3.955
8/6/2008	198.1		187.9									169.2	34.50482	34.6358	118.8	116.562	3.88
8/13/2008	194.6		185.2									164.5	34.57912	34.71196	114.4	110.164	3.809
8/20/2008	194.1		184.2									163.3	34.78878	34.8972	115.7	111.66	3.74
8/27/2008	192.8		183.1									166.2	34.88094	34.99128	116.09	112.404	3.685
9/3/2008	196.7		186.7									164.2	34.72098	34.88242	108.37	103.685	3.68
9/10/2008	199.8		189.9									163.5	34.8499	34.9563	102.88	97.28	3.648
9/17/2008	196.7		187									173.7	34.86864	34.97336	97.19	89.348	3.835
9/24/2008	191.7		182.2									166.8	34.8754	34.973525	111.12	100.914	3.718
10/1/2008	194.5		181.2									162.1	34.908	35.01262	96.59	91.9	3.632
10/8/2008	191		178									149.1	34.97554	35.06956	86.24	80.976	3.484
10/15/2008	181		166									139.1	34.98566	35.07306	75.19	69.28	3.151
10/22/2008	168.4		155.7									130.7	35.01334	35.11392	68.56	64.404	2.914
10/29/2008	155.3		141.4									118.7	35.02488	35.13354	65.21	60.614	2.656
11/5/2008	147.3		134.4									118.5	35.03654	35.15076	64.31	59.434	2.4
11/12/2008	143.8		130.4									115.5	35.1045	35.2152	58.6	53.266	2.224
11/19/2008	137.8		124.4									115	35.2398	35.37636	52.26	47.794	2.072
11/26/2008	136.9		123.7									114.6	35.37758	35.50504	53.27	48.5325	1.892
12/3/2008	136.2		123.2									107.2	35.31546	35.48126	45.6	43.696	1.811
12/10/2008	126.9		115									100	35.2624	35.38894	44.57	41.01	1.699
12/17/2008	118.5		109									96.1	35.2441	35.35764	39.7	41.714	1.659
12/24/2008	117.8		108									94	35.217775	35.3327	32.98	35.3825	1.653
12/31/2008	115		105									94	35.2324	35.372675	42.4	37.035	1.613
1/7/2009	115		105									94	35.3104	35.4178	44.46	45.248	1.684
1/14/2009	115		105									95.3	35.38838	35.48654	36.73	42.384	1.784
1/21/2009	122.3		112.3									93.6	35.365925	35.516975	42.15	41.6675	1.847
1/28/2009	120.2		110.3									92.1	35.43535	35.551775	42.7	44.204	1.838
2/4/2009	122.6		112.4									90.1	35.538	35.6368	40.78	43.64	1.892
2/11/2009	122.6		112.4									90.1	35.51624	35.61788	36.94	45.588	1.926
2/18/2009	122.6		112.4									85.1	35.57856	35.66594	37.15	40.9125	1.964
2/25/2009	120.2		110.2									84.1	35.609375	35.7083	41.1	42.676	1.909
3/4/2009	120.2		110.2									83.1	35.61476	35.71686	43.18	43.864	1.934
3/11/2009	123.2		112.6									82.1	35.63226	35.73746	45.66	43.98	1.941
3/18/2009	123.2		112.6									84.1	35.66488	35.76026	49.49	46.434	1.91
3/25/2009	123.2		112.6									94.8	35.70614	35.79718	52.99	51.464	1.962
4/1/2009	128.1		117.8									92.8	35.78794	35.89102	50.34	48.494	2.046
4/8/2009	128.1		117.8									93.8	35.782225	35.88895	50.46	51.48	2.037
4/15/2009	128.1		117.8									93.8	35.80192	35.91248	49.86	51.59	2.051
4/22/2009	128.1		117.8									92.8	35.84794	35.93636	47.8	48.966	2.059
4/29/2009	128.1		117.8									92.8	35.9038	35.99174	50.2	49.916	2.049
5/6/2009	128.1		117.8									95.8	35.897725	36.017675	55.96	54.828	2.078
5/13/2009	132.9		122.3									97.8	35.9753	36.04994	57.94	56.386	2.24
5/20/2009	136.9		126.3									97.8	35.99498	36.08076	60.32	57.89	2.309
5/27/2009	140.9		130.1									99.8	35.9211	36.01378	64.32	62.195	2.435
6/3/2009	144.9		134.1									106.4	35.91682	35.99902	68.11	67.174	2.524
6/10/2009	149.9		139									108.4	35.9198	35.991225	70.85	69.88	2.624
6/17/2009	157.1		146.5									111.2	35.9169	36.00906	70.62	69.68	2.672
6/24/2009	160.2		149.8									108.5	35.9346	36.00748	68.58	67.576	2.691
7/1/2009	153.3		143.7									108.5	35.94564	36.02874	69.32	68.03	2.642
7/8/2009	153.3		143.7									104.5	35.94728	36.04998	61.48	60.394	2.612
7/15/2009	146.9		137.7									102.2	35.98156	36.07438	61.29	61.108	2.528
7/22/2009	144.9		135.2									102.2	36.00172	36.07816	65.28	66.562	2.463
7/29/2009	144.9		135.2									109.1	36.00486	36.08578	67.03	68.6	2.503
8/5/2009	148.7		139.4									112.8	36.00732	36.0856	71.58	73.986	2.557
8/12/2009	156.5		146.9									114.2	36.0186	36.0881	69.64	72.898	2.647
8/19/2009	159.3		149.2									112.8	36.02426	36.10618	70.8	71.516	2.637
8/26/2009	155.3		146.9									113.1	36.04766	36.12062	72.37	72.332	2.628
9/2/2009	154		145									108	36.0533	36.1223	68.39	67.604	2.613
9/9/2009	151.1		141.5									107.3	36.04624	36.1231	70.91	69.17	2.588
9/16/2009	151.1		140.9									108.6	36.05556	36.12916	71.32	68.846	2.577
9/23/2009	153.1		140.4									109.5	36.06655	36.13975	68.33	66.956	2.552
9/30/2009	151.1		139.4									107.1	36.07896	36.15004	68.84	65.9	2.499
10/7/2009	145.9		135.5									109.7	36.10074	36.16426	70.8	67.868	2.468
10/14/2009	149.9		139.9									114.7	36.09282	36.15834	75.73	72.288	2.489
10/21/2009	152.9		142.5									120.4	36.10264	36.1601	80.06	77.238	2.574
10/28/2009	156.4		145.9									120.4	36.0841	36.16	78.47	76.068	2.674
11/4/2009	160.8		150.6									120.4	36.10486	36.17378	79	76.596	2.694
11/11/2009	160.8		150.6									120.4	36.096825	36.178575	78.24	76.246	2.666
11/18/2009	160.8		150.6									120.4	36.07964	36.15426	78.37	77.04	2.629
11/25/2009	160.8		150.6									119.4	36.09298	36.16728	76.14	76.515	2.639
12/2/2009	159.8		149.6									119.4	36.09364	36.15822	76.81	77.782	2.629
12/9/2009	158.2		148.8									117.4	36.09326	36.16426	71.51	73.144	2.634
12/16/2009	155		145.6									116.2	36.0842	36.16274	71.72	71.802	2.599
12/23/2009	151.8		142.8									116.2	36.09125	36.1596	74.76	73.35	2.589
12/30/2009	151.8		142.8									122.3	36.0841	36.15055	79.07	77.1925	2.607
1/6/2010	160		150.7									126.2	36.104	36.1668	82.34	79.818	2.665
1/13/2010	163.7		154.6									126.2	36.10448	36.18014	80.06	78.31	2.751
1/20/2010	163.7		154.6									120.5	36.1064	36.198225	76.62	74.2825	2.739
1/27/2010	161.6		151.8									116.5	36.126675	36.202575	73.94	71.882	2.705
2/3/2010	157.5		148									118.5	36.13834	36.2231	74.57	72.54	2.661
2/10/2010	157.8		148.8									115.5	36.17622	36.2681	73.88	70.852	2.652
2/17/2010	154.1		145.1									117.7	36.20344	36.28324	78.25	75.8	2.608
2/24/2010	157.1		148.3									119.8	36.25016	36.32424	79.22	76.226	2.655
3/3/2010	160.3		151.1									119.8	36.2879	36.35822	80.19	77.862	2.702
3/10/2010	160.3		151.1									121.6	36.2756	36.3612	81.76	79.364	2.751
3/17/2010	164		154.4									122.4	36.29178	36.36322	81.44	79.054	2.788
3/24/2010	165.9		155.9									122.4	36.3108	36.3602	80.65	78.382	2.819
3/31/2010	165.9		155.9									122.4	36.337475	36.418075	83.01	80.5875	2.798
4/7/2010	165.9		155.9									130.3	36.353	36.42854	85.66	83.884	2.826
4/14/2010	165.9		155.9									130.3	36.35368	36.43836	84.34	85.234	2.858
4/21/2010	165.9		155.9									130.3	36.4261	36.51596	82.9	84.608	2.86
4/28/2010	165.9		155.9									130.3	36.5694	36.65388	84.22	85.982	2.849
5/5/2010	167.8		158.3									130.3	36.64236	36.7351	80.24	82.496	2.898
5/12/2010	167.8		158.3									130.3	36.6916	36.78516	74.98	78.324	2.905
5/19/2010	167.8		158.3									124.7	36.71718	36.80276	69.14	72.172	2.864
5/26/2010	164.6		154.4									121.2	36.73952	36.84108	70.62	70.79	2.786
6/2/2010	161.2		150.9									121.2	36.711725	36.812	72.91	72.705	2.728
6/9/2010	161.2		150.9									121.2	36.72512	36.807	73.44	72.762	2.725
6/16/2010	161.2		150.9									122.3	36.71944	36.80488	76.7	76.218	2.701
6/23/2010	162.9		152.5									123.5	36.73288	36.8164	77.06	76.642	2.743
6/30/2010	164		153.6									118.7	36.74874	36.83372	74.96	73.858	2.757
7/7/2010	164		153.6									122.1	36.7602	36.84952	74.39	73.9525	2.726
7/14/2010	162.5		152.1									122.1	36.79176	36.87424	76.35	75.7	2.718
7/21/2010	163.5		153.9									122.1	36.80668	36.89616	77.56	76.642	2.722
7/28/2010	163.5		153.9									122.1	36.84402	36.92686	78.12	77.236	2.749
8/4/2010	163.5		153.9									122.1	36.89558	36.9823	81.79	82.694	2.735
8/11/2010	163.5		153.9									122.1	36.8944	36.98194	78.17	78.206	2.783
8/18/2010	163.5		153.9									122.1	36.8809	36.9834	74.84	74.944	2.745
8/25/2010	161.2		152									122.1	36.89174	36.9898	72.91	72.818	2.704
9/1/2010	159.2		150.4									122.1	36.92106	37.0022	74.02	75.41	2.682
9/8/2010	160.6		150.9									123.5	36.93422	37.02208	74.82	77.1675	2.682
9/15/2010	161.1		151.8									126	36.95472	37.03472	75.62	78.438	2.721
9/22/2010	163.2		154.6									126	37.0273	37.102875	73.76	78.378	2.723
9/29/2010	163.2		154.6									126	37.09196	37.18468	78.41	79.82	2.694
10/6/2010	165.8		156.2									128.1	37.14186	37.2091	82.29	83.866	2.732
10/13/2010	168.3		158									130.1	37.22302	37.30148	82.16	83.114	2.819
10/20/2010	168.3	84.5	158	82.32						58.29		130.1	37.24928	37.36242	81.15	81.426	2.834
10/27/2010	168.3	84.5	158	82.32						58.29		130.1	37.22658	37.30376	82.03	82.248	2.817
11/3/2010	168.3	84.5	158	82.32						59.19		133.5	37.21616	37.29088	84.93	85.596	2.806
11/10/2010	170.8	84.49	160.5	82.32						60.88		135.9	37.21276	37.28842	86.91	87.43	2.865
11/17/2010	170.8	86.65	160.5	84.47						62.6		135.9	37.22858	37.29402	82.23	83.94	2.892
11/24/2010	170.8	86.65	160.5	84.47						62.6		135.9	37.19472	37.3035	82.28	83.505	2.876
12/1/2010	170.8	86.65	160.5	84.47						62.6		135.9	37.24706	37.3158	86.75	88.1	2.856
12/8/2010	170.8	86.65	160.5	84.47						62.6		135.9	37.26996	37.35764	88.5	90.248	2.958
12/15/2010	170.8	86.65	160.5	84.47						62.6		135.9	37.30886	37.38226	88.27	90.912	2.98
12/22/2010	170.8	86.65	160.5	84.47						62.6		135.9	37.32598	37.39926	89.66	92.9	2.982
12/29/2010	170.8	86.65	160.5	84.47	118.02	104.54		143.9	87.79	62.6		135.9	37.36968	37.48474	90.97	93.17	3.052
1/5/2011	172.6	88.2	161.9	85.68	119.92	106.2		145.3	89	63.65		137.8	37.43448	37.53502	89.54	94.722	3.07
1/12/2011	176.8	91.82	167.1	90.16	123.29	108.02		150	91	65.37		141.1	37.42375	37.507575	91.02	97.086	3.089
1/19/2011	180.1	94.66	170.3	92.92	127.27	109.29		154	92.52	66.68		145.1	37.4365	37.5427	89.75	97.34	3.104
1/26/2011	182.9	97.08	172.8	95.08	130.44	109.29		157	93.8	67.79		148.3	37.481875	37.563675	86.11	96.62	3.11
2/2/2011	182.9	97.08	172.8	95.08	133.62	109.29		157	93.8	67.79		151.6	37.5093	37.59248	89.52	100.358	3.101
2/9/2011	182.9	97.08	172.8	95.08	138.77	114.46		157	93.8	67.79		156.7	37.56214	37.65294	85.51	99.904	3.132
2/16/2011	185.7	99.06	175.3	96.8	139.57	115.31		160.5	93.8	67.79		158.1	37.67308	37.75782	84.13	102.806	3.14
2/23/2011	187.5	100.18	177.5	98.26	141.02	119.41		163.2	93.8	67.79		160	37.72278	37.82804	95.26	110.4925	3.189
3/2/2011	191	102.77	180.8	100.68	144.72	121.59		166.3	95.22	69.01		164.2	37.70188	37.82728	101.05	114.526	3.383
3/9/2011	195.4	106.13	185.2	104.04	147.87	126.44		170.5	96.66	70.34		167.6	37.7367	37.82484	103.74	114.446	3.52
3/16/2011	200.1	109.75	189.8	107.58	150.08	126.66		174.3	96.76	70.34		170.2	37.7593	37.85116	99.79	112.666	3.567
3/23/2011	200.1	109.75	189.8	107.58	150.08	126.66		174.3	96.76	70.34		170.2	37.79278	37.86892	104.41	115.412	3.562
3/30/2011	204.7	113.72	193.6	110.85	153.08	126.66		178	98.91	72.19		173.5	37.8246	37.89452	105.08	116.49	3.596
4/6/2011	208.7	116.53	197.1	113.31	153.92	127.65		181	98.91	72.19		174.5	37.83586	37.90516	109.29	123.03	3.684
4/13/2011	214.2	120.28	201.9	116.52	157.12	131.04		184.9	99.5	72.7		178	37.82542	37.89782	107.75	123.572	3.791
4/20/2011	217.9	122.53	205.4	118.65	158.76	131.49		187.9	99.5	72.7		180.2	37.8424	37.905525	109.11	122.735	3.844
4/27/2011	217.9	121.61	205.4	117.79	158.76	131.49		187.9	99.5	72.7		180.2	37.84302	37.90292	112.3	125.36	3.879
5/4/2011	222.8	124.47	210.2	120.61	160.94	132.38		190.4	100.94	73.44		183.2	37.84205	37.9061	105.84	119.564	3.963
5/11/2011	222.8	123.13	210.2	119.33	160.94	132.38		190.4	100.94	72.51		183.2	37.86228	37.92516	99.87	114.528	3.965
5/18/2011	221.7	120.87	209	117.03	159.82	131.84		189.3	99.85	70.64		182.6	37.88752	37.95948	97.99	112.02	3.96
5/25/2011	220.1	118.18	206.9	113.95	157.02	130.09		186.6	99.85	69.56		180.5	37.94196	38.01318	99.55	113.406	3.849
6/1/2011	220.1	116.77	206.9	112.59	157.02	130.09		186.6	99.85	69.25		180.5	37.97426	38.04922	100.92	115.68	3.794
6/8/2011	223.1	118.14	210.3	114.62	157.02	131.67		189.4	101.85	70.97		180.2	38.04234	38.11592	100.05	117.726	3.781
6/15/2011	226.1	119.87	212.7	115.88	158.22	135.37		192.2	103.85	72.7		184.2	38.04138224	38.10906	95.87	116.788	3.713
6/22/2011	227.1	120.14	213.7	116.25	160.3	136.82		193.8	104.85	73.56		186.6	38.04664224	38.11072	92.7	110.176	3.652
6/29/2011	225.1	117.93	211.2	113.68	157.3	134.07		190.8	103.35	72.27		183.1	38.03622	38.10206	93.7	109.032	3.574
7/6/2011	225.1	116.86	210.2	111.92	154.8	133.07		188.8	104.1	72.91		180.1	38.0437	38.11516	97.12	115.39	3.579
7/13/2011	225.1	115.79	210.2	111.03	154.8	133.07		188.8	104.1	72.91		180.1	38.04466	38.1165	96.72	117.722	3.641
7/20/2011	229.9	118.86	214.4	113.73	154.8	133.07		188.8	106.86	75.29		180.1	38.03746	38.11826	98.01	118.198	3.682
7/27/2011	234.5	121.7	218.4	116.18	161.47	135.98		195.8	107.56	75.9		187.4	38.0522	38.11412	97.83	117.698	3.699
8/3/2011	237	122.65	220.7	117.09	162.58	137.75		197.1	108.06	76.33		188.5	38.04166	38.11624	90.85	112.654	3.711
8/10/2011	237	122.41	220.7	116.83	162.58	137.75		197.1	108.06	76.33		188.5	38.05282	38.11516	82.86	105.304	3.674
8/17/2011	227.2	114.33	210.3	108.38	151.12	129.64		186.2	104.2	73		177.3	38.042	38.11585	85.36	109.536	3.604
8/24/2011	230.4	116.93	213	110.6	153.18	131.47		187.4	105.7	74.29		179.1	38.07736	38.14566	85.06	111.058	3.581
8/31/2011	232.4	118.47	215.3	112.26	154.63	131.89		187.4	105.7	74.29		180.3	38.10866	38.18236	88.07	116.105	3.627
9/7/2011	236	121.22	219.2	115.28	158.81	136.38		190.5	107.1	75.5		185.5	38.12616	38.1875	87.91	115.97	3.674
9/14/2011	235.7	121.07	219.3	115.5	156.26	135.56		192.3	108.2	76.45		183	38.1402	38.20766	88.93	114.98	3.661
9/21/2011	230.5	117.1	215	112.23	153.91	134.8		190.2	109.6	77.65		180.5	38.15796	38.22156	83.65	111.984	3.601
9/28/2011	226.8	114.55	210.9	109.37	152.91	134.8		188.7	109.6	77.65		179.5	38.17332	38.25212	81.18	107.692	3.509
10/5/2011	222.9	111.57	206.9	106.21	151.42	132.95		186.3	108.6	76.79		177.2	38.25054	38.32346	79.43	104.032	3.433
10/12/2011	220.8	109.83	205.2	104.59	149.73	131.75		184	107.6	75.93		175.1	38.30204	38.37142	85.35	111.586	3.417
10/19/2011	223.4		208	106.35	150.92	133.77		186.2	107.6	76.36		175.8	38.3177	38.38122	86.82	111.472	3.476
10/26/2011	225.6	113.36	210	108.35	153.42	136.34		188.6	108.6	76.79		178.6	38.32232	38.39406	92.32	111.334	3.462
11/2/2011	225.6	113.46	210	108.36	156.17	138.34		190.9	108.6	76.79		181.5	38.34328	38.40882	93.24	109.84	3.452
11/9/2011	225.6	113.66	210	108.59	156.17	138.34		190.9	108.6	76.79		181.5	38.41652	38.49028	96.97	114.68	3.424
11/16/2011	225.6	113.46	210	108.4	158.26	140.82		192.9	108.6	76.79		183.7	38.48006	38.55384	99.32	110.69	3.436
11/23/2011	225.6	112.74	210	107.84	160.36	140.82		195.6	108.6	76.79		186.3	38.47242	38.56384	96.89	106.665	3.368
11/30/2011	222.2	110.42	206.8	105.79	158.95	138.74		194.6	107.6	75.93		184.9	38.50704	38.5551	99.91	110.054	3.307
12/7/2011	220.3	108.55	205.1	104.01	157.56	137.57		193.6	107.6	75.93		183.4	38.5141	38.58868	100.08	109.31	3.29
12/14/2011	220.3	108.27	205.1	103.84	157.56	137.57		193.6	107.6	75.93		183.4	38.52484	38.5995	96.06	106.262	3.286
12/21/2011	219.3	107.53	204.1	103.04	154.45	135.57		191.2	107.6	75.93		180	38.53518	38.6126	97.74	107.722	3.229
12/28/2011	217.3	105.88	201.6	101.01	151.45	133.47		188.9	106.6	75.07		176.7	38.62602	38.73466	99.81	107.5066667	3.258
1/4/2012	217.3	105.51	201.6	100.57	151.45	133.47		188.9	106.6	75.07		176.7	38.77172	38.87312	102.39	112.51	3.299
1/11/2012	219.8	107.29	204	102.31	153.84	135.17		191	107.6	75.93		179.3	38.876475	38.972825	100.43	111.776	3.382
1/18/2012	222.6	109.4	206.5	104.27	156.1	136.87		192.6	107.6	75.93		181.8	38.88758	38.97016	99.95	109.6	3.391
1/25/2012	222.6	109.15	206.5	104.1	156.1	136.87		192.8	107.6	75.93		181.8	38.8954	38.9712	99.35	109.18	3.389
2/1/2012	222.6	108.9	206.5	103.85	156.1	136.87		192.8	107.6	75.93		181.8	38.8973	38.9866	97.8	111.196	3.439
2/8/2012	225.3	110	209	105.7	158.8	139.99		195.4	107.6	75.93		184.7	38.93028	39.00184	98.56	117.208	3.482
2/15/2012	225.3	110.83	209	105.46	158.8	139.99		197.1	105	73.69		187.6	38.9475	39.02926	101.73	119.794	3.523
2/22/2012	227.5	112.54	211.1	107.01	161.1	142.39		197.1	105	72.57		184.7	38.96848	39.05	107.18	123.335	3.591
2/29/2012	227.5	112.33	211.1	106.78	161.1	142.39		197.1	103.4	71.19		187.6	38.9583	39.04675	107.52	124.88	3.721
3/7/2012	227.5	112.02	211.1	106.53	161.1	142.39		197.1	103.4	71.19		187.6	38.97894	39.05312	106.32	126.624	3.793
3/14/2012	227.5	112.01	211.1	106.51	161.1	142.39		197.1	103.4	71.19		187.6	39.00376	39.0729	106.15	126.222	3.829
3/21/2012	229.9	114.01	213.8	108.56	163.1	144.38		206	103.4	71.19		189.8	39.00646	39.0787	106.41	124.346	3.867
3/28/2012	229.9	113.82	213.8	108.44	163.1	144.38		206	103.4	71.19		189.8	39.00298	39.07732	105.12	124.43	3.918
4/4/2012	229.9		213.8	108.44	163.1	144.38		199.4	103.4	71.19		189.8	39.013	39.0819	103.52	123.6866667	3.941
4/11/2012	229.9	112.83	213.8	107.81	163.1	144.38		199.4	103.4	71.19		189.8	39.0199	39.07862	102.55	120.8725	3.939
4/18/2012	229.9	113.12	213.8	108.2	163.1	144.38		199.4	103.4	71.19		189.8	39.01166	39.08604	103.15	117.18	3.922
4/25/2012	229.9	113.2	213.8	108.28	163.1	144.38		199.4	103.4	71.19		189.8	39.02384	39.0899	103.78	118.096	3.87
5/2/2012	229.9	113.91	213.8	109	163.1	144.38		199.4	103.4	71.19		189.8	39.0212	39.08735	103.47	116.674	3.83
5/9/2012	229.9	113.97	213.8	109	163.1	144.38		199.4	103.4	71.19		189.8	39.01868	39.08766	96.98	111.7775	3.79
5/16/2012	229.9	114.42	213.8	109.5	163.1	144.38		199.4	100	68.26		189.8	39.01488	39.09502	93.11	109.866	3.754
5/23/2012	229.9	114.41	213.8	109.64	163.1	144.38		199.4	100	68.26	25	189.8	39.0247	39.09474	90.88	108.144	3.715
5/30/2012	229.9	114.6	213.8	110.08	163.1	144.38		199.4	100	68.26	25	189.8	39.0339	39.1102	87.06	103.4725	3.67
6/6/2012	229.9	114.5	213.8	109.99	163.1	144.38		199.4	100	68.26	25	189.8	39.061975	39.1316	84.43	99.03	3.613
6/13/2012	227.4	111.8	211.4	107.44	160.8	142.3		197.1	98	66.53	25	197.3	39.06216	39.1407	83.27	97.214	3.572
6/20/2012	225.2	109.48	208.9	104.92	158.27	140.04		194.6	95.9	64.72	25	184.6	39.07106	39.1376	81.11	92.458	3.533
6/27/2012	224	108.45	207.4	103.63	156.12	138.02		192.4	93.9	63	25	182.2	39.07138	39.13876	80.23	91.226	3.437
7/4/2012	221.9	106.64	205.1	101.65	153.99	135.64		190.1	91.6	61.02	25	179.9	39.07424	39.14318	85.74	98.8025	3.356
7/11/2012	221.9	106.64	205.1	101.65	153.99	135.64		190.1	91.6	61.02	25	179.9	39.08374	39.14906	85.78	99.882	3.411
7/18/2012	224	108.45	207.1	103.37	153.99	135.64		190.1	90	59.64	25	179.9	39.07524	39.1497	90.34	105.4	3.427
7/25/2012	226.5	110.6	209.3	105.27	153.99	135.64		190.1	90	59.64	27	179.9	39.08574	39.15494	88.88	104.18	3.494
8/1/2012	228.9	112.67	211.4	107.08	153.99	135.64		190.1	90	59.64	29	179.9	39.09458	39.16742	89.1	107.274	3.508
8/8/2012	231.1	114.57	213.5	108.89	153.99	135.64		190.1	90	59.64	29	179.9	39.1148	39.17462	93.14	112.494	3.645
8/15/2012	233.5	116.64	215.6	110.7	160.68	135.93		192	88	57.91	30.5	185.7	39.10952	39.17616	94.43	115.042	3.721
8/22/2012	233.5	116.64	215.6	110.7	160.68	135.93		192	88	57.91	30.5	185.7	39.10804	39.17922	96.22	116.102	3.744
8/29/2012	233.5	116.64	215.6	110.7	160.68	135.93		192	88	57.91	30.5	185.7	39.11948	39.18958	95.68	113.02	3.776
9/5/2012	237.2	119.83	219.1	113.72	163.48	138.2		195.2	88	57.91	30.5	188.5	39.14748	39.22984	95.68	114.11	3.843
9/12/2012	240.4	121.43	221.6	114.47	165.68	139.69		197.7	90	59.64	30.5	191.9	39.21454	39.30358	97.56	115.408	3.847
9/19/2012	243.5	123.98	224.2	116.62	169.38	143.1		200.6	92.5	61.79	30.5	196.2	39.2293	39.3129	93.7	111.832	3.878
9/26/2012	243.5	123.98	224.2	116.62	169.38	143.1		200.6	91	60.5	30.5	196.2	39.23285	39.325675	91.35	110.354	3.826
10/3/2012	243.5	123.98	224.2	116.62	169.38	143.1		200.6	89.5	59.21	30.5	196.2	39.28074	39.3624	90.81	111.408	3.804
10/10/2012	243.5	123.98	224.2	116.62	169.38	143.1		200.6	89.5	59.21	30.5	196.2	39.36552	39.4541	91.42	114.876	3.85
10/17/2012	243.5	123.98	224.2	116.62	169.38	143.1		200.6	89.5	59.21	30.5	196.2	39.47786	39.58138	91.59	113.592	3.819
10/24/2012	245.7	125.88	226.7	118.78	169.38	143.1		203	91.27	60.73	30.5	196.2	39.49112	39.60616	86.35	108.27	3.687
10/31/2012	242.7	123.29	223.5	116.02	166.28	139.8		202	90.27	59.87	30.5	193.2	39.62288	39.73424	85.87	108.85	3.568
11/7/2012	237.5	118.81	219.7	112.74	162.79	137		201	90.27	59.87	30.5	188.2	39.792025	39.89255	85.98	107.782	3.492
11/14/2012	234.3	116.05	216.97	110.41	159.48	134.92		198.7	90.27	59.87	30.5	185.5	39.98	40.09646	85.87	109.118	3.449
11/21/2012	233.1	113.29	216	107.83	152.95	134.92		200.1	92.53	61.82	30.5	185.5	40.02094	40.13258	87.4	110.255	3.429
11/28/2012	233.1	113.29	216	107.83	152.95	134.92		203.6	92.53	61.82	30.5	189.2	40.02658	40.14284	87.27	109.816	3.437
12/5/2012	233.1	113.29	216	107.83	152.95	134.92		203.6	92.53	61.82	30.5	189.2	40.09858	40.23502	87	109.078	3.394
12/12/2012	233.1	113.29	216	107.83	152.95	136.21		203.6	92.53	61.82	30.5	189.2	40.15146	40.26262	85.71	109.096	3.349
12/19/2012	231.1	111.57	214	106.1	150.95	135.21		202.6	91.53	60.96	30.5	187.2	40.19678	40.30916	88.24	109.792	3.254
12/26/2012	231.1	111.57	214	106.1	150.95	135.21		202.6	91.53	60.96	30.5	187.2	40.2282	40.365175	90.14	109.8125	3.257
1/2/2013	231.1	111.57	214	106.1	150.95	135.21		202.6	91.53	60.96	30.5	187.2	40.36525	40.487475	92.77	112.3475	3.298
1/9/2013	234.2	114.24	216.3	108.09	151.98	138.09		205.4	93.53	62.68	30.5	190.7	40.58328	40.76714	93.38	112.372	3.299
1/16/2013	237.5	117.09	218.6	110.07	154.62	140.73		206.7	95.53	64.4	30.5	193.5	40.58174	40.71954	94.58	111.346	3.303
1/23/2013	239.9	119.16	220.6	111.79	156.7	140.73		206.7	95.53	64.4	30.5	195.7	40.62225	40.7365	95.41	113.7175	3.315
1/30/2013	242.2	121.14	222.8	113.69	156.7	140.73		208	97.43	66.04	30.5	195.7	40.641	40.7553	97.33	115.132	3.357
2/6/2013	244.2	122.86	225.2	115.76	158.92	142.8		210.1	99.78	68.07	30.5	198.4	40.68366	40.7733	96.18	117.154	3.538
2/13/2013	246.5	124.84	227.2	117.48	162.16	145.29		212.1	99.78	68.07	30.5	201.9	40.7235	40.82586	96.95	118.098	3.611
2/20/2013	246.5	124.85	227.2	117.48	162.16	145.29		212.1	99.78	68.07	30.5	201.9	40.7823	40.894	94.38	115.3	3.747
2/27/2013	250.7	128.47	230.7	120.5	164.43	145.67		215.1	99.78	68.07	30.5	204.4	40.85515	40.993	92.19	112.418	3.784
3/6/2013	250.7	128.28	230.7	120.35	164.43	145.67		215.1	99.78	68.07	30.5	204.4	40.96584	41.08104	91	109.984	3.759
3/13/2013	250.7	128.28	230.7	120.35	164.43	145.67		215.1	99.78	68.07	30.5	204.4	40.977	41.0848	92.7	108.41	3.71
3/20/2013	250.7	129.38	230.7	121.22	164.43	145.67		215.1	99.78	68.07	30.5	204.4	41.02752	41.11782	93.05	107.328	3.696
3/27/2013	250.7	129.38	230.7	121.22	164.43	145.67		215.1	99.78	68.07	30.5	204.4	41.02446667	41.11563333	96.08	107.6825	3.68
4/3/2013	250.7	129.27	230.7	121.13	162.43	144.17		213.1	98.78	67.21	30.5	202.2	41.03204	41.12896	95.07	107.062	3.645
4/10/2013	250.7		230.7	121.13	162.43	144.17		213.1	98.78	67.21	30.5	202.2	41.06922	41.16926	93.36	103.248	3.608
4/17/2013	250.7	129.27	230.7	121.13	160	143.04		211	97.78	66.35	30.5	199.6	41.06584	41.15192	88	98.092	3.542
4/24/2013	250.7	129.27	230.7	121.13	156.8	141.46		207.7	97.78	66.35	30.5	195.9	41.04598	41.13456	91	100.608	3.536
5/1/2013	249.7	127.64	229.7	119.5	155.8	140.46		205.7	96.78	65.45	30.5	194.9	41.0494	41.1307	93.4	101.534	3.52
5/8/2013	249.7	127.64	229.7	119.5	155.8	140.46		205.7	96.78	65.48	30.5	194.9	41.05692	41.13798	95.84	103.774	3.538
5/15/2013	249.7	127.64	229.7	119.5	155.8	140.46		205.7	96.78	65.48	30.5	194.9	41.0809	41.16666	94.65	102.908	3.603
5/22/2013	249.7	127.64	229.7	119.5	155.8	140.46		205.7	96.78	65.48	30.5	194.9	41.12108	41.21226	94.76	102.298	3.673
5/29/2013	249.7	127.64	229.7	119.5	155.8	140.46		205.7	96.78	65.48	30.5	194.9	41.1592	41.2661	93.32	102.0325	3.645
6/5/2013	249.7	127.64	229.7	119.5	154.1	138.4		203.5	96.78	65.45	30.5	193	41.27216	41.39276	94.25	102.924	3.646
6/12/2013	249.7	127.64	229.7	119.5	154.1	138.4		203.5	96.78	65.48	30.5	193	41.44098	41.57622	96.36	103.392	3.655
6/19/2013	249.7	127.64	229.7	119.5	154.1	138.4		203.5	96.78	65.48	30.5	193	41.50004	41.61304	96.65	103.93	3.626
6/26/2013	252.2	129.57	232.4	121.59	155.35	139.4		205.5	97.78	66.35	30.5	194	41.63714	41.80174	95.83	101.432	3.577
7/3/2013	251.2	128.81	231.4	120.83	153.35	137.4		203.5	94.78	63.76	30.5	191.9	41.83116	41.96316	100.65	105.1825	3.496
7/10/2013	251.2	128.81	231.4	120.83	153.35	137.4		203.5	94.78	63.76	30.5	191.9	41.8803	41.97614	104.7	108.258	3.492
7/17/2013	253.9	130.9	235	123.61	153.35	138.73		205.7	96.78	65.48	30.5	191.9	41.90648	42.00846	106.88	109.412	3.639
7/24/2013	257.9	134.03	239.5	127.14	155.25	139.8		209.7	99.78	68.07	30.5	193.5	41.94446	42.03274	105.88	108.398	3.682
7/31/2013	260	135.69	241.9	129.04	155.25	139.8		209.7	100.78	68.93	30.5	193.5	42.02628	42.13304	105.54	108.606	3.646
8/7/2013	262.1	137.33	244.2	130.84	155.25	139.8		209.7	100.78	68.93	30.5	193.5	42.1083	42.18924	105.17	108.556	3.632
8/14/2013	262.1	137.33	244.2	130.84	155.25	139.8		209.7	100.78	68.93	30.5	193.5	42.21855	42.327125	106.97	110.726	3.561
8/21/2013	262.1	137.33	244.2	130.84	155.25	139.8		209.7	100.78	68.93	30.5	193.5	42.44868	42.59744	105.48	111.12	3.55
8/28/2013	264.4	139.14	246.6	132.72	158.12	142.6		211.9	103	70.85	30.5	195.5	42.81868	42.96528	108.33	115.318	3.552
9/4/2013	266.5	140.78	248.8	134.44	160.3	145.11		214.2	105.5	73	30.5	197.9	42.7752	42.87786	108.77	116.025	3.608
9/11/2013	266.5	140.78	248.8	134.44	160.3	145.11		214.2	105.5	73	30.5	197.9	42.65164	42.74352	108.36	113.218	3.587
9/18/2013	266.5	140.78	248.8	134.44	160.3	145.11		214.2	105.5	73	30.5	197.9	42.56698	42.65112	106.22	109.976	3.547
9/25/2013	264.5	139.24	246.8	132.91	160.3	145.11		214.2	105.5	73	30.5	197.9	42.4674	42.55665	103.1	108.802	3.495
10/2/2013	260.5	135.26	242.8	128.92	159.3	144.29		213	105.5	73	30.5	196.9	42.4378	42.51722	103.14	108.634	3.425
10/9/2013	256.5		239.8	128.92	156.7	143.91		211.7	105.5	73	30.5	194.6	42.43338	42.51794	102.7	110.304	3.367
10/16/2013	256.5	132.12	239.8	126.56	156.7	143.91		211.7	105.5	73	30.5	194.6	42.43868	42.51378	101.51	110.108	3.354
10/23/2013	256.5	132.12	239.8	126.56	156.7	143.91		211.7	105.5	73	30.5	194.6	42.4428	42.51312	97.57	107.822	3.36
10/30/2013	256.5	132.12	239.8	126.56	156.7	143.91		211.7	105.5	73	30.5	194.6	42.44292	42.51952	96.94	107.61	3.294
11/6/2013	250	127.05	235	122.82	155.7	142.91		210.7	105.5	73	30.5	193.6	42.451225	42.52285	94.31	104.538	3.265
11/13/2013	247.7	124.35	233	120.36	153.8	141.81		209.5	104.5	72.14	30.5	191.6	42.46234	42.52428	93.94	107.098	3.194
11/20/2013	245.3	122.47	230.7	118.57	152.4	140.6		208.4	104.5	72.14	30.5	190.1	42.46796	42.52262	93.92	109.324	3.219
11/27/2013	247.4	124.09	232.7	120.1	154.4	142.86		210.6	106.5	73.86	30.5	192.1	42.46332	42.53232	92.97	111.315	3.293
12/4/2013	249.4	125.65	234.8	121.76	156.4	144.96		213	108.5	75.59	30.5	194.2	42.50192	42.57852	96.21	112.278	3.272
12/11/2013	249.4	125.66	234.8	121.75	156.4	144.96		213	108.5	75.59	30.5	194.2	42.56702	42.66752	97.23	109.104	3.269
12/18/2013	249.4	125.66	234.8	121.75	156.4	144.96		213	108.5	75.59	30.5	194.2	42.66066	42.75696	97.85	110.34	3.239
12/25/2013	247.4	124.12	232.8	120.22	156.4	144.96		213	108.5	75.59	30.5	194.2	42.676875	42.773825	99.15	111.715	3.271
1/1/2014	247.4	124.12	232.8	120.22	156.4	144.96		213	108.5	75.59	30.5	194.2	42.692525	42.8099	96.47	108.7325	3.331
1/8/2014	247.4	124.12	232.8	120.21	156.4	144.96	227.8	213	108.5	75.59	30.5	194.2	42.755725	42.8636	92.42	107.014	3.332
1/15/2014	248.5	124.96	233.8	120.97	158.1	144.96	227.8	214.2	110.5	77.31	30.5	196.5	42.82876	42.93474	92.98	107.828	3.327
1/22/2014	248.5	124.96	233.8	120.97	158.1	144.96	227.8	214.2	110.5	77.31	30.5	196.5	42.91825	43.0254	96.19	109.14	3.296
1/29/2014	248.5	126.59	233.8	122.53	160.1	147.21	229.8	216.4	114.9	81.1	30.5	198.5	43.00202	43.09888	97.29	108.834	3.295
2/5/2014	250.6	126.59	235.8	122.53	160.1	147.21	229.8	216.4	116.9	82.83	30.5	198.5	43.00512	43.08562	97.78	107.734	3.292
2/12/2014	250.6	126.59	235.8	122.54	160.1	147.21	229.8	216.4	116.9	82.83	30.5	198.5	43.04676	43.13798	100.21	109.124	3.309
2/19/2014	250.6	126.59	235.8	122.54	160.1	147.21	229.8	216.4	116.9	82.83	30.5	198.5	43.13794	43.2457	102.93	109.74	3.38
2/26/2014	253	128.47	237.8	124.1	163.8	147.21	234.1	216.4	116.9	82.83	30.5	203	43.173725	43.276225	102.77	109.172	3.444
3/5/2014	253	128.47	237.8	124.1	163.8	147.21	234.1	216.4	116.9	82.83	30.5	203	43.10184	43.20194	103.07	109.142	3.479
3/12/2014	255.2	130.2	239.8	125.66	165.8	147.21	235.5	218.6	116.9	82.83	30.5	205.7	43.20636	43.32532	99.55	108.012	3.512
3/19/2014	255.2	129.34	239.8	124.9	165.8	147.21	233.4	216.8	114.9	78.95	30.5	205.7	43.11094	43.2023	99.77	106.532	3.547
3/26/2014	255.2	128.47	239.8	124.13	165.8	147.21	233.4	216.8	114.9	78.95	31.5	205.7	43.0572	43.16032	100.66	106.544	3.549
4/2/2014	257.2	129.18	241.8	124.93	165.8	147.21	233.4	216.8	114.9	78.95	32.5	205.7	43.0586	43.16532	100.46	105.262	3.579
4/9/2014	259.3	130.83	243.2	126.04	165.8	147.21	233.4	216.8	114.9	78.95	32.5	205.7	43.07952	43.17056	102.72	106.51	3.596
4/16/2014	259.3	130.83	243.2	126.04	165.8	147.21	233.4	216.8	114.9	78.95	33.5	205.7	43.11183333	43.1932	103.95	109.07	3.651
4/23/2014	259.3	130.83	243.2	126.04	165.8	147.21	233.4	216.8	114.9	78.95	33.5	205.7	43.14	43.2284	102.11	109.206	3.683
4/30/2014	262.3	133.17	243.2	128.37	165.8	147.21	235	219.5	114.9	78.95	33.5	205.7	43.17458	43.27622	100.51	109.15	3.713
5/7/2014	264.7		248.1	129.87	165.8	147.21	235	219.5	114.9	78.95	33.5	205.7	43.17335	43.27125	100.29	108.48	3.684
5/14/2014	264.7	135.06	248.1	129.87	165.8	147.21	235	219.5	114.9	78.09	33.5	205.7	43.1599	43.27118	101.92	109.532	3.668
5/21/2014	264.7	135.06	248.1	129.87	163.4	146.05	233.5	218	113	76.45	33.5	203.1	43.16882	43.27808	103.82	110.718	3.665
5/28/2014	266.7	136.63	250.2	131.52	163.4	146.05	233.5	218	113	76.45	33.5	203.1	43.18868	43.31088	103.95	109.62	3.674
6/4/2014	266.7	136.63	250.2	131.52	163.4	146.05	233.5	218	113	76.45	33.5	203.1	43.28536	43.41084	103.23	108.984	3.69
6/11/2014	266.7	136.63	250.2	131.52	163.4	146.05	233.5	218	113	76.45	33.5	203.1	43.35712	43.46296	105.97	110.978	3.674
6/18/2014	268.7	138.2	252.2	133.09	163.4	146.05	233.5	218	113	76.45	33.5	203.1	43.414325	43.546425	107.23	114.286	3.686
6/25/2014	271.6	140.46	255.4	135.58	163.4	147.46	234.5	219.8	113	76.45	33.5	203.1	43.39638	43.51106	106.69	113.086	3.704
7/2/2014	271.6	140.46	255.4	135.58	163.4	147.46	234.5	219.8	113	76.45	33.5	203.1	43.41468	43.51196	105.52	110.2575	3.704
7/9/2014	271.6	140.46	255.4	135.58	163.4	147.46	234.5	219.8	113	76.45	33.5	203.1	43.43094	43.5259	103.25	107.032	3.678
7/16/2014	271.6	140.46	255.4	135.58	163.4	147.46	234.5	219.8	113	75.59	33.5	203.1	43.44778	43.5509	102.37	105.388	3.635
7/23/2014	270.6	138.13	254.4	133.34	159.5	144.25	232.3	217.2	112	74.72	33.5	199.3	43.48814	43.60142	104.35	106.342	3.593
7/30/2014	270.6	138.38	254.4	133.59	159.5	144.25	232.3	217.2	112	74.72	33.5	199.3	43.56692	43.6871	102.19	105.708	3.539
8/6/2014	270.6	138.29	254.4	133.6	159.5	144.25	232.3	217.2	112	74.72	33.5	199.3	43.51388	43.61964	97.5	103.6	3.515
8/13/2014	267.9	136.32	251.5	131.57	159.5	144.25	232.3	217.2	111	73.86	33.5	199.3	43.46424	43.56502	97.17	101.94	3.505
8/20/2014	267.9	136.4	251.5	131.39	159.5	144.25	232.3	217.2	111	73.86	33.5	199.3	43.46246	43.56328	94.95	99.88	3.472
8/27/2014	266.9	135.41	250.5	130.56	156.7	140.93	230.3	214.2	110	73	33.5	197.1	43.5204	43.64834	96.26	100.644	3.454
9/3/2014	266.9		250.5	130.56	156.7	140.93	230.3	214.2	110	73	34.5	197.1	43.61548	43.74954	94.06	100.4525	3.459
9/10/2014	266.9	135.24	250.5	130.22	156.7	140.93	230.3	214.2	110	73	35.67	197.1	43.62104	43.7283	92.43	97.32	3.457
9/17/2014	263.2	132.44	247.5	128.15	155.3	140.04	228.3	212.2	110	73	35.67	195.6	43.65254	43.76022	93.52	97.018	3.408
9/24/2014	259.1	129.95	243.6	125.84	153.8	138.71	226.7	210	110	73	35.67	193.8	43.6969	43.804225	93.15	95.01	3.353
10/1/2014	259.1	128.95	243.6	124.74	151.9	137.71	224.5	207.8	111.4	74.21	35.67	191.3	43.72348	43.8474	91.44	93.406	3.354
10/8/2014	259.1	129.03	243.6	124.65	151.9	137.71	224.5	207.8	111.4	74.21	35.67	191.3	43.7271	43.8168	87.63	90.186	3.299
10/15/2014	254.2	126.2	239.5	122.52	149.6	135.31	222.6	205.8	111.4	74.21	35.67	188.6	43.7763	43.8644	82.88	85.498	3.207
10/22/2014	240	114.92	226.2	112.03	143.9	127.61	216.9	200.1	108.8	71.96	35.67	181.8	43.85368	43.9435	82.12	85.582	3.12
10/29/2014	235.3	110.5	221.8	108.03	141	123.61	214.2	196.4	107.6	70.93	35.67	178.2	43.90358	44.0394	81.29	85.558	3.056
11/5/2014	233.1	106.51	219.6	104.73	139.6	122.01	212.8	194.6	106.6	70.07	35.67	176.6	43.99662	44.13232	78.24	83.036	2.993
11/12/2014	233.1	106.51	219.6	104.47	139.6	122.01	212.8	194.6	106.6	70.07	35.67	176.6	44.0282	44.1516	76.5	79.902	2.941
11/19/2014	232.1	105.46	218.4	103.34	138.6	120.01	211.8	192.6	104.6	68.34	35.67	175.6	44.03026	44.14562	75.38	77.622	2.894
11/26/2014	229	103.67	212.3	98.97	134.8	114.31	202.2	184.1	102.3	66.36	35.67	171.4	44.04	44.16104	72.36	76.63	2.821
12/3/2014	226.8	101.89	209.3	96.86	132.8	112.31	201	180.9	100.3	64.64	35.67	168.8	44.0726	44.19322	67.18	69.722	2.778
12/10/2014	209.3	97.83	201.2	90.41	129.8	109.3	197	177.9	97.3	62.05	35.67	164.8	44.10616	44.2311	61.14	64.078	2.679
12/17/2014	208.5	86.54	185.7	76.88	116.7	99.72	163.6	165.1	86.9	53.08	35.67	150.1	44.16622	44.26778	55.89	59.774	2.554
12/24/2014	204.3	82.74	181.5	73	112.8	95.7	179.2	161	85.9	52.23	35.67	146	44.197375	44.306625	55.58	58.6925	2.403
12/31/2014	200.1	79.04	177.4	69.3	109.5	93.1	175.9	157.6	85.9	52.22	35.67	142.4	44.22115	44.364125	53.44	56.0275	2.299
1/7/2015	197	76.19	174.1	66.53	106.1	92	172.6	154.9	85.9	52.23	31.44	138.7	44.324	44.51315	48.77	49.466	2.214
1/14/2015	195.9	75.33	173.1	65.5	104.8	90	172.6	154.9	84.9	51.36	31.44	137.3	44.39702	44.5348	47.07	46.578	2.139
1/21/2015	193.8	72.66	171.1	62.83	101.7	87.2	169.6	152.7	83.9	50.5	31.44	134.1	44.548675	44.655375	46.46	46.4425	2.066
1/28/2015	192.8	71.79	170.1	61.96	98.7	84.6	166.66	149.7	82.9	49.64	31.44	132.1	44.650575	44.796775	45.33	46.764	2.044
2/4/2015	192.8		170.1	61.96	98.7	84.6	166.66	149.7	82.9	49.64	31.44	132.1	44.74374	44.8788	50.58	54.616	2.068
2/11/2015	196.7	74.9	174.2	65.16	100.9	85.96	168.9	152	84.5	51.02	31.44	133.8	44.79608	44.95034	51.14	56.566	2.191
2/18/2015	200.7	78.52	178.3	69.03	108.5	94.77	172.6	155.2	86.6	52.83	31.44	142.5	44.72518	44.85842	51.69	60.568	2.274
2/25/2015	204	81.36	181.6	71.88	110.8	97.08	176.1	157.8	88.2	54.21	31.44	145	44.725525	44.828775	49.16	60.632	2.332
3/4/2015	204	81.45	181.6	71.97	110.8	97.08	176.1	157.8	88.2	54.21	31.44	145	44.69356	44.79378	50.38	60.118	2.473
3/11/2015	209	85.77	185.6	75.33	115.6	97.08	178.8	161.3	89.7	55.5	31.44	146.9	44.65858	44.74678	47.69	56.508	2.487
3/18/2015	213	89.29	188.6	77.91	115.6	97.08	179.9	162.4	89.7	55.5	31.44	146.9	44.63458	44.73796	44.39	52.72	2.453
3/25/2015	213	89.38	188.6	78.09	110.9	92.78	176.7	157.3	87.2	53.34	31.44	141.7	44.63968	44.73308	48.68	55.014	2.457
4/1/2015	213	89.55	188.6	78.35	108	90.93	174.8	154.5	85.5	51.88	31.44	138.5	44.66155	44.747675	48.91	54.785	2.448
4/8/2015	213	89.55	188.6	78.18	108	90.93	174.8	154.5	85.5	51.88	31.44	138.5	44.67344	44.77524	51.78	56.512	2.413
4/15/2015	215.7	91.71	191.4	80.42	108	90.93	174.8	156.7	85.5	51.88	29.44	138.5	44.69272	44.78578	54.78	59.118	2.408
4/22/2015	218.7	94.46	194.6	83.43	110.2	93.13	177.3	159.4	87.5	53.6	29.44	141.2	44.70692	44.81278	56.14	61.412	2.485
4/29/2015	220.2	95.84	198.1	86.36	113.9	95.14	182.1	162.9	87.5	53.6	29.44	144.8	44.72904	44.84344	57.98	63.494	2.57
5/6/2015	224.9	100.07	202.3	90.41	116	96.81	184	164.2	87.5	53.6	29.44	146.9	44.75265	44.865075	59.73	65.006	2.664
5/13/2015	225.9	101.1	204.5	92.4	121.1	99.63	186.2	166.7	87.5	53.6	29.44	152.5	44.75474	44.86624	60.01	64.902	2.691
5/20/2015	225.9	101.19	204.5	92.57	121.1	99.63	186.2	166.7	87.5	53.6	29.44	152.5	44.76174	44.86012	58.95	64.31	2.744
5/27/2015	225.9	101.1	204.5	92.31	121.1	99.63	186.2	166.7	87.5	53.6	29.44	152.5	44.78044	44.87356	58.19	61.57	2.774
6/3/2015	225.9	101.1	204.5	92.48	121.1	99.63	186.2	166.7	83.2	49.9	29.44	152.5	44.777775	44.88145	59.66	61.898	2.78
6/10/2015	227.3	102.31	207.1	94.72	121.1	99.63	186.2	166.7	83.2	49.9	29.44	152.5	44.79796	44.89618	60.07	63.238	2.78
6/17/2015	225.5	100.93	205.1	93.17	119.9	98.53	184.7	165.2	81.7	48.6	29.44	150.3	44.82262	44.91738	59.89	60.654	2.835
6/24/2015	225.5	101.2	205.1	93.26	119.9	98.53	184.7	165.2	81.7	48.6	29.44	150.3	44.83478	44.93916	60.01	60.844	2.812
7/1/2015	225.5	100.93	205.1	93.09	119.9	98.53	184.7	165.2	81.7	48.6	29.44	150.3	44.85364	44.96604	57.92	60.356	2.801
7/8/2015	225.5	100.93	205.1	93.26	119.9	98.53	184.7	165.2	81.7	48.6	29.44	150.3	44.90572	45.01994	52.38	56.632	2.793
7/15/2015	225.5	100.93	205.1	93.17	117.7	97.03	182.5	163.1	79.7	46.88	29.44	147.3	44.93654	45.05826	51.68	57.172	2.834
7/22/2015	225.5	100.85	205.1	93.17	113	94.13	177.5	158.4	79.7	46.88	29.44	141.1	44.96508	45.09488	49.21	55.754	2.802
7/29/2015	224.5		204.1	93.17	111	92.33	175.2	156.2	78.7	46.88	29.44	138.7	44.9889	45.12362	47.91	54.136	2.745
8/5/2015	217.5	94.12	200.1	89.04	104.3	85.93	167.8	148	78.7	46.02	29.44	130.8	45.01088	45.13996	44.94	48.59	2.689
8/12/2015	215.5	94.04	198.1	88.95	104.3	85.93	167.8	148	78.7	46.02	29.44	130.8	45.01816	45.15458	43.2	47.944	2.629
8/19/2015	215.5		198.1	88.95	102.8	83.41	165.8	145.9	77.7	46.02	29.44	129.2	45.01918	45.1371	41.34	45.998	2.716
8/26/2015	213.5	90.5	196	85.41	100.7	81.21	164.7	144.9	77.7	45.16	29.44	127.1	45.02292	45.14066	40.73	43.528	2.637
9/2/2015	202.3	80.93	184.4	75.41	95.7	74.51	159.9	140.8	76.7	44.29	29.44	121.5	45.01704	45.15396	46.73	48.8675	2.51
9/9/2015	197.1	77.01	179.2	71.36	98.4	77.31	162.1	142.9	78.3	45.67	28.44	123.8	45.05164	45.1876	45.16	47.596	2.437
9/16/2015	192.7	74.2	175.1	68.51	101.1	78.97	162.7	144.6	80.8	47.83	28.44	124.8	45.12824	45.24754	45.48	47.336	2.375
9/23/2015	190.6	72.21	173	66.61	99.4	77.31	161.4	142.4	80.8	47.83	28.44	123	45.162575	45.271375	45.57	47.334	2.327
9/30/2015	193.3	72.04	175.6	66.44	99.4	77.31	161.4	142.4	80.8	47.83	28.44	123	45.18962	45.30248	45	46.988	2.322
10/7/2015	193.3	74.46	175.6	68.77	99.4	77.31	152.1	142.4	80.8	47.83	28.44	123	45.21138	45.3286	48.36	51.332	2.318
10/14/2015	191.2	74.63	173.5	68.85	100.4	78.31	153.2	144	83.2	49.9	28.44	124	45.20926	45.30296	46.82	48.994	2.337
10/21/2015	188.7	72.82	171.1	67.04	100.4	78.31	153.2	144	83.2	49.9	28.44	124	45.21804	45.31996	45.16	46.81	2.277
10/28/2015	191.2	70.58	173.7	64.97	99.2	77.51	151.3	142.3	82	48.86	28.44	122.7	45.28406	45.39686	44.99	47.15	2.228
11/4/2015	188.7	70.4	169.6	64.8	99.2	77.51	151.3	142.3	82	48.86	28.44	122.7	45.3184	45.42886	45.98	47.23	2.224
11/11/2015	191.2	72.39	167.9	66.96	101.7	77.51	153.4	144.9	83	49.72	28.44	125.5	45.32785	45.4272	42.7	44.752	2.235
11/18/2015	191.2	72.3	167.9	66.78	101.7	77.51	153.4	144.9	83	49.72	28.44	125.5	45.32942	45.43968	40.62	41.544	2.178
11/25/2015	187.1	68.12	173.7	62.92	98.2	74.65	149.5	140.4	82	48.86	25.58	121.8	45.34082	45.4372	40.49	43.652	2.094
12/2/2015	185.4	66.65	169.6	61.21	96.6	72.94	148	136.4	81	48	25.58	120.1	45.34716	45.44614	40.4	42.412	2.059
12/9/2015	185.4	66.48	167.9	61.04	95	71.48	146.2	133.4	81	48	25.58	118.4	45.44176	45.5246	36.93	38.762	2.053
12/16/2015	184.4	65.62	166.9	60.26	91.5	65.42	140.9	129.2	81	48	25.58	114.7	45.46868	45.55018	35.78	36.836	2.037
12/23/2015	182.4	63.9	164.9	58.62	87.1	63.67	136.5	124.9	80	47.14	25.58	109.9	45.46085	45.552375	36.26	35.9025	2.026
12/30/2015	180.4	62.09	162.9	56.72	84.6	61.84	134.4	123.5	78.8	46.1	24.22	107.2	45.465725	45.55595	36.99	36.5475	2.034
1/6/2016	180.4	62.17	162.9	56.81	84.6	61.84	134.4	123.5	78.8	46.1	24.22	107.2	45.4792	45.564725	34.65	34.194	2.028
1/13/2016	180.4		162.9	56.81	84.6	61.84	134.4	123.5	78.8	46.1	24.22	107.2	45.4845	45.57856	30.59	29.1	1.996
1/20/2016	177	59.15	159.6	53.88	77.8	56.74	129.4	119	78.8	46.1	24.22	99.9	45.53265	45.62935	29.19	27.756	1.914
1/27/2016	173.7	56.31	156.4	51.04	74.4	55.01	125.3	115.2	77.8	45.24	24.22	96.3	45.6153	45.698125	31.81	31.748	1.856
2/3/2016	175.3	57.6	157.5	51.81	76.1	57.73	127.4	117	78.5	45.85	24.22	98.3	45.63494	45.74776	31.26	32.184	1.822
2/10/2016	175.3	57.6	157.5	51.9	76.1	57.73	127.4	117	78.5	45.85	24.22	98.3	45.64786	45.75326	28.14	30.41	1.759
2/17/2016	175.3	57.52	157.5	51.9	76.1	57.73	127.4	117	78.5	45.85	23.22	98.3	45.67682	45.77488	30.02	32.29	1.724
2/24/2016	175.3		157.5	51.9	76.1	57.73	127.4	117	78.5	45.85	23.22	98.3	45.69086	45.77748	31.32	33.116	1.73
3/2/2016	175.3	57.52	157.5	51.81	78.7	59.29	129.1	118.3	80.5	47.57	23.22	99.6	45.67834	45.79008	34.43	36.278	1.783
3/9/2016	178	59.93	159	53.19	80.5	60.29	131.1	119.9	82.2	49.04	23.22	101.2	45.6991	45.79382	37.69	39.296	1.841
3/16/2016	181	62.6	161.4	55.35	82.6	61.65	135.1	121.7	83.8	50.41	23.22	104.3	45.7205	45.81506	38.32	38.496	1.961
3/23/2016	183.9	65.1	164.2	57.76	85.8	63.5	139.6	124	85.6	51.97	23.22	108.6	45.7429	45.81686667	39.45	39.405	2.007
3/30/2016	183.9	65.36	164.2	58.02	85.8	63.5	139.6	124	85.6	51.97	23.22	108.6	45.74084	45.83368	36.82	37	2.066
4/6/2016	183.9	65.28	164.2	58.02	85.8	63.5	139.6	124	85.6	51.97	23.22	108.6	45.7492	45.8369	36.72	37.512	2.083
4/13/2016	183.9	65.36	164.2	58.02	85.8	63.5	139.6	124	85.6	51.97	23.22	108.6	45.77588	45.85348	41.23	42.35	2.069
4/20/2016	183.9	67.52	164.2	60.52	87.5	65.44	140.7	125.8	86.6	52.83	23.22	110.2	45.76764	45.85488	41.86	43.04	2.137
4/27/2016	186.4	69.76	167.1	62.93	88.9	66.44	143.3	128.1	87.6	53.69	23.22	111.8	45.78492	45.87252	44.3	44.464	2.162
5/4/2016	188.9	72.35	169.8	65.43	90.8	68.83	146.3	131	88.6	54.55	23.22	113.9	45.788625	45.8704	44.22	44.196	2.24
5/11/2016	192	72.34	172.7	65.35	90.8	68.83	146.3	131	88.6	54.55	23.22	113.9	45.80616	45.89676	45.44	45.2	2.22
5/18/2016	192	72.43	172.7	65.43	90.8	68.83	146.3	131	88.6	54.55	23.22	113.9	45.81026	45.89882	47.99	48.336	2.242
5/25/2016	192	75.71	172.7	68.54	92.8	71.1	148.5	133.9	89.6	55.41	23.22	116	45.83385	45.925575	48.72	48.734	2.3
6/1/2016	195.7	78.9	176.2	71.72	94.9	72.55	150.7	136.7	90.6	56.28	23.22	118.3	45.83348	45.92916	49	48.905	2.339
6/8/2016	199.3	82.29	179.6	75.35	102	74.3	153	139.9	90.6	56.28	23.22	122.1	45.84792	45.94806	50.18	49.944	2.381
6/15/2016	203.6	84.02	184.4	77.5	103.1	77.91	154.8	142.2	88.3	54.29	23.22	124.6	45.87886	45.9531	47.89	47.388	2.399
6/22/2016	205.7	84.36	186.9	77.76	103.1	77.91	154.8	142.2	88.3	54.29	23.22	124.6	45.87262	45.96332	48.71	48.122	2.353
6/29/2016	205.7	84.36	186.9	77.76	103.1	77.91	154.8	142.2	88.3	54.29	23.22	124.6	45.88662	45.96994	48.17	47.092	2.329
7/6/2016	205.7	84.28	186.9	77.59	103.1	77.91	154.8	142.2	88.3	54.29	23.22	124.6	45.9246	45.99358	46.17	45.964	2.291
7/13/2016	205.7	80.74	186.9	75.6	103.1	79.46	126.59	142.2	90.2	55.93	23.22	126.1	45.93218	45.99718	45.6	45.538	2.253
7/20/2016	201.7	77.12	184.6	72.76	100.7	78.43	152.8	139.4	89.2	55.07	23.22	123.8	45.92428	45.99636	44.44	45.22	2.23
7/27/2016	197.4	74.45	181.1	70.52	99.4	78.43	151.7	138.5	88.2	53.78	23.22	122.7	45.92516	45.99578	41.83	42.546	2.182
8/3/2016	196.5	73.76	180.6	69.65	97.2	77.13	149.9	136.6	88.2	53.78	23.22	120.5	45.9251	45.99582	40.82	40.884	2.159
8/10/2016	195.5	72.03	179.6	68.1	94.7	75.13	147.6	134.3	87.2	52.48	23.22	117.9	45.93864	45.9979	43.11	43.63	2.15
8/17/2016	194.2	72.03	178.5	68.1	94.7	75.13	147.6	134.3	87.2	52.48	23.22	117.9	45.939975	45.99875	47.16	48.602	2.149
8/24/2016	194.2	72.03	178.5	68.1	98.7	77.23	147.6	134.3	87.2	52.48	23.22	122.3	45.96114	46.01702	47.05	48.654	2.193
8/31/2016	199.6	76.69	184	72.85	106.3	82.63	153.6	140.6	88.8	53.86	23.22	130.5	45.95256	46.02844	45.11	47.31	2.237
9/7/2016	201.5	78.16	186	74.4	106.3	82.63	155.1	142	88.8	53.86	23.22	130.5	45.98708	46.07312	45.96	47.506	2.223
9/14/2016	197.5	74.53	182	71.21	102.3	81.13	154.6	141	88.8	53.86	23.22	126.5	46.0495	46.13418	44.34	46.208	2.202
9/21/2016	197.5	75.05	182	71.04	102.3	81.13	154.6	141	88.8	53.86	23.22	126.5	46.11272	46.20104	44.6	46.238	2.225
9/28/2016	196.4	74.1	181	70.26	100.8	81.13	153.5	141	91.3	56.02	23.22	124.6	46.2196	46.34876	46.55	46.744	2.224
10/5/2016	198	75.4	182.8	71.81	101.8	82.33	154.9	142.3	92.7	57.22	23.22	125.6	46.32474	46.4191	49.48	49.524	2.245
10/12/2016	200.8	77.64	185.7	74.14	104.9	85.38	158.7	145.8	94.3	58.6	23.22	129	46.3003	46.3935	50.29	49.942	2.272
10/19/2016	202.8	79.45	187.7	75.95	108.4	87.8	162.2	149.3	95.7	59.81	23.22	132.5	46.3473	46.4308	50.56	50.334	2.257
10/26/2016	201.8	78.67	186.7	75.26	110.4	90.3	162.2	149.3	96.7	60.61	23.22	134.5	46.3943	46.4875	49.36	48.954	2.243
11/2/2016	203.8	80.31	187.7	76.04	110.4	88.8	160.6	147	96.7	60.67	23.22	134.5	46.4334	46.5485	45.51	44.626	2.23
11/9/2016	202.8	79.45	186.7	75.17	108.9	86.79	159.1	145.5	95.1	59.29	23.22	133	46.4709	46.57	44.61	43.092	2.233
11/16/2016	200.8	77.55	185.2	73.62	106.9	85.3	156.1	142.5	94.1	58.43	23.22	130	46.4939	46.5915	45.15	44.006	2.184
11/23/2016	196.8	74.19	181.2	70.26	104.9	84.3	154.1	140.5	93.1	57.56	29.67	128.5	46.5159	46.6147	47.25	46.492	2.155
11/30/2016	196.8	73.93	181.2	70.08	105.9	85.8	156.1	142.5	93.1	57.57	25.26	130	46.5339	46.6209	48.63	48.78	2.154
12/7/2016	199.8	76.17	184.2	72.33	107.9	87.8	158.6	145	95.1	59.29	25.26	132	46.5576	46.6491	50.97	52.26	2.208
12/14/2016	202.8	78.76	187.2	74.91	111.9	92.8	163.6	149	100.1	63.61	25.26	137	46.5696	46.6659	51.91	53.258	2.236
12/21/2016	205.8	81.35	190.2	77.5	114.9	95.8	166.6	152	100.1	63.6	25.26	140	46.6144	46.6962	51.96	53.814	2.264
12/28/2016	205.8	81.35	190.2	77.5	114.9	95.8	166.6	152	100.1	63.6	25.26	140	46.6237	46.7071	53.6	54.96	2.309
1/4/2017	210.8	85.66	195.2	81.81	116.9	97.8	168.6	154	103.1	66.19	25.26	142	46.6539	46.7297	53.34	55.1275	2.377
1/11/2017	214.8	89.1	199.2	85.26	116.9	97.8	168.6	154	106.1	68.78	25.26	142	46.6493	46.731	52.01	54.016	2.388
1/18/2017	213.5	87.81	197.7	83.96	114.9	96.8	166.6	152	104.6	67.48	25.26	140	46.6526	46.748	51.82	54.194	2.358
1/25/2017	212.3	86.95	196.7	83.1	113.9	95.8	164.6	151	102.8	66.62	25.26	139	46.767	46.8806	52.74	54.906	2.326
2/1/2017	212.3	86.95	196.7	83.1	113.9	95.8	164.6	151	105	67.83	25.26	139	46.8277	46.9675	53.33	55.534	2.296
2/8/2017	212.3	86.95	196.7	83.1	113.9	95.8	164.6	151	108	70.41	25.26	139	46.9426	47.0577	53.34	54.482	2.293
2/15/2017	214.3	89.1	198.7	84.83	115.9	95.8	166.6	153	108	70.41	25.26	141	47.0897	47.1871	52.07	54.464	2.307
2/22/2017	214.3	88.67	198.7	84.83	115.9	95.8	166.6	153	111	73	25.26	141	47.1265	47.21	54.03	55.4	2.302
3/1/2017	214.3	88.67	198.7	84.83	115.9	95.8	166.6	154	109.5	71.71	25.26	144	47.1376	47.2509	53.56	54.402	2.314
3/8/2017	215.8	90.4	200.2	86.12	117.9	98.8	167.7	155	105.5	68.26	25.26	144	47.1725	47.2715	50.5	52.784	2.341
3/15/2017	212.8	87.38	197.2	83.96	115.9	97.3	164.6	153	100.5	63.95	25.26	141	47.2114	47.3546	48.03	50.294	2.323
3/22/2017	210.8	85.66	195.7	82.24	111.9	92.3	155.6	148	100.5	63.95	25.26	137	47.2532	48.03	47.28	50.102	2.321
3/29/2017	212.8	87.81	197.2	84.57	111.9	92.3	156.6	149	99.7	62.22	25.26	138	47.2623	47.3573	49.14	51.33	2.315
4/5/2017	214.8	89.71	198.7	85.43	111.9	91.3	160.6	149	97.5	61.36	25.26	137	47.2693	47.3756	51.26	53.278	2.36
4/12/2017	218.8	93.15	202.7	88.97	114.9	94.3	163.6	152	98.5	62.22	25.26	140	47.2701	47.3878	53.19	54.83	2.424
4/19/2017	221.3	95.31	205.2	91.29	117.9	96.05	165.6	154	100.5	63.95	25.26	143	47.28414	47.405	51.09	52.082	2.436
4/26/2017	219.8	94.1	203.7	89.91	117.9	97.05	166.6	154	102.5	65.67	28.97	143	47.30956	47.41278	49.12	49.546	2.449
5/3/2017	216.8	91.35	200.7	87.07	112.9	94.05	161.6	147	100.5	63.95	28.97	137	47.30506667	47.42153333	47.21	48.704	2.411
5/10/2017	212.8	87.9	196.7	81.72	108.9	93.05	157.6	143	99.5	63.09	28.97	133	47.3302	47.4295	47.04	48.004	2.372
5/17/2017	210.8	86.26	195.7	82.85	108.9	92.05	155.6	141	99.5	63.09	28.97	130	47.3257	47.4407	49.24	51.75	2.369
5/24/2017	212.8	87.9	197.7	84.66	105.9	95.05	157.6	142	99.5	63.09	28.97	130	47.3625	47.4536	50.21	52.584	2.399
5/31/2017	216.8	91.6	201.7	88.28	109.9	97.05	161.6	146	101	64.38	28.97	135	47.3687	47.46	48.48	50.234	2.406
6/7/2017	215.3	90.31	200.2	86.98	112.9	95.55	160.6	144.5	101	64.38	28.97	138	47.4029	47.4952	46.57	47.276	2.414
6/14/2017	212.8	88.16	197.7	84.66	108.9	93.05	156.6	140.5	99.5	63.09	28.97	133	47.408175	47.50125	45.3	46.182	2.366
6/21/2017	208.8	84.71	193.7	81.29	105.9	91.55	154.6	137.5	98	61.79	28.97	130	47.4263	47.5145	43.09	44.626	2.318
6/28/2017	207.3	83.41	191.7	79.48	104.9	90.55	153.6	136.5	97	60.93	28.97	129	47.42	47.52	44.63	46.162	2.288
7/5/2017	203.3	80.05	189.2	77.41	102.4	90.55	152.1	138	96	60.07	28.97	126	47.42	47.52	44.96	48.172	2.26
7/12/2017	204.3	80.91	191.2	79.22	104.4	93.05	154.1	142	98	61.79	28.97	128	47.4392	47.5362	45.51	47.104	2.297
7/19/2017	206.3	82.64	193.2	80.95	105.4	93.05	155.1	142	99	62.66	28.97	130	47.44336	47.53932	46.406	47.986	2.278
7/26/2017	208.3	84.36	195.2	82.67	108.9	96.05	157.6	145	101	64.38	28.97	133	47.45762	47.54246	48.266	49.95	2.312
8/2/2017	208.3	84.36	195.2	82.67	115.4	96.05	159.1	147	102.5	65.67	28.97	140	47.43434	47.54938	49.52	52.042	2.352
8/9/2017	213.3	88.67	199.2	86.12	119.4	98.05	164.1	151	105.5	68.26	28.97	145	47.44352	47.55176	49.076	51.964	2.378
8/16/2017	212.3	87.81	198.2	85.26	119.4	98.05	163.1	150	105.5	68.26	28.97	145	47.4746	47.5575	47.524	50.582	2.384
8/23/2017	209.8	85.66	195.7	83.11	117.9	96.05	162.1	149	106.8	69.38	28.97	142.5	47.49454	47.58816	47.676	52.028	2.36
8/30/2017	209.8	85.66	195.7	83.11	118.9	96.05	161.6	150	107.3	69.81	28.97	143.75	47.5467	47.6691	46.68	52.252	2.399
9/6/2017	214.8	89.97	200.7	87.41	125.9	97.35	164.6	152	107.8	70.24	28.97	151.3	47.5828	47.6937	48.575	53.884	2.679
9/13/2017	221.8	96	207.7	93.45	131.9	157.8	169.6	154.5	108.8	71.1	28.97	157.8	47.61688	47.7209	49.066	55.544	2.685
9/20/2017	220.3	94.71	205.7	91.73	129.4	100.85	174.6	158.5	111.8	73.69	28.97	155.3	47.6292	47.7334	50.124	57.034	2.634
9/27/2017	216.3	91.26	201.7	88.28	127.4	101.85	173.6	159.5	113.8	75.41	28.97	153.3	47.65914	47.73784	51.774	58.75	2.583
10/4/2017	215.3	90.31	201.7	88.19	127.4	100.85	175.6	159.5	113.8	75.41	28.97	152.3	47.6783	47.7704	50.232	56.076	2.565
10/11/2017	211.3	86.95	196.7	83.97	124.4	99.85	172.6	155.5	113.8	75.41	28.97	150.3	47.70548	47.79636	50.77	56.206	2.504
10/18/2017	210.3	86	196.7	83.97	122.9	99.85	170.6	153.5	113.8	75.41	28.97	148.3	47.75232	47.84536	51.74	57.776	2.489
10/25/2017	211.8	87.12	197.7	84.74	123.9	101.85	172.6	155.5	116.3	77.57	28.97	149.3	47.77904	47.88224	52.506	58.576	2.479
11/1/2017	215.8	90.83	201.7	88.19	124.9	102.85	173.6	159.5	116.3	77.57	28.97	150.3	47.82246	47.92062	54.594	61.038	2.488
11/8/2017	220.8	95.14	204.7	90.86	126.9	106.85	179.6	164.5	117.3	78.43	28.97	153.3	47.82453	47.93688	56.938	64.286	2.561
11/15/2017	225.8	99.45	208.7	94.22	129.9	111.85	180.6	165.5	117.3	78.43	28.97	156.3	47.85632	47.95908	55.814	61.524	2.592
11/22/2017	222.8	96.52	206.7	92.24	129.9	110.85	181.6	167.5	118.3	79.29	28.97	156.3	47.90324	47.9875	57.4675	62.678	2.568
11/29/2017	219.8	93.93	203.7	89.66	130.9	108.85	181.6	166.5	118.3	79.3	28.97	157.3	47.95066	48.05634	57.812	63.73	2.533
12/6/2017	221.8	95.83	207.2	92.93	131.9	109.85	180.6	167.5	119.3	80.16	28.97	158.3	48.03972	48.12526	56.916	63.076	2.5
12/13/2017	220.8	94.97	208.2	93.88	130.9	108.85	179.6	165.5	118.3	79.29	28.97	157.3	48.1034	48.1794	57.168	64.354	2.485
12/20/2017	219.8	94.19	206.2	92.07	132.9	107.85	181.6	167.5	117.3	78.43	28.97	159.3	48.16316	48.24052	57.868	64.364	2.45
12/27/2017	219.8	94.02	207.2	92.85	132.9	108.85	181.6	168.5	116.3	77.57	28.97	159.3	48.190725	48.287075	59.88	66.52	2.472
1/3/2018	223.3	97.04	209.2	94.48	132.9	109.85	182.6	170.5	117.3	78.43	28.97	159.3	48.219175	48.32025	61.3625	67.81	2.52
1/10/2018	227.3	100.4	211.2	96.12	136.9	111.85	187.6	176.5	119.3	80.16	28.97	163.3	48.2892	48.37786	63.256	69.47	2.522
1/17/2018	229.3	102.29	213.2	98.1	138.9	112.85	188.6	175.5	116.3	77.57	28.97	165.3	48.3344	48.42306	63.77	69.39	2.557
1/24/2018	232.3	104.62	216.2	100.52	138.9	112.85	188.6	175.5	116.3	77.57	28.97	165.3	48.41486	48.5013	65.138	70.04	2.567
1/31/2018	235.3	107.21	219.2	103.1	139.9	112.85	190.6	178.5	115.3	76.71	28.97	167.3	48.49155	48.57625	65.318	68	2.607
2/7/2018	234.3	106.35	219.2	103.19	141.9	113.85	191.6	179.5	112.3	74.12	28.97	169.3	48.61532	48.7122	62.014	65.5	2.637
2/14/2018	231.3	103.76	216.2	100.52	138.9	111.85	188.6	172.5	111.3	73.26	28.97	165.3	48.76376	48.8664	60.562	62.72	2.607
2/21/2018	225.3	98.59	210.2	95.26	130.9	107.85	180.6	165.5	113.3	74.98	28.97	157.3	48.87428	48.96946	62.47	65.52	2.557
2/28/2018	225.3	98.16	210.2	94.74	133.9	109.85	182.3	168.5	114.3	75.85	28.97	160.3	48.940275	49.00725	62.07	66.02	2.548
3/7/2018	228.3	100.74	214.2	98.19	136.9	109.85	185.6	172.5	116.3	77.57	28.97	163.3	49.01704	49.10614	61.654	65.12	2.56
3/14/2018	227.3	99.88	214.2	98.62	135.9	109.85	183.6	172.5	111.3	73.26	28.97	162.3	49.12692	49.21234	61.276	64.14	2.559
3/21/2018	229.3	102.12	215.2	99.83	134.9	109.85	183.6	171.5	110.3	72.4	28.97	160.3	49.18392	49.28368	64.106	67.4	2.598
3/28/2018	234.3	106.61	220.2	104.31	137.9	111.85	186.6	174.5	111.3	73.26	28.97	164.3	49.19975	49.2999	64.9675	68.65	2.648
4/4/2018	238.3	110.14	224.2	107.59	142.9	112.85	191.6	180.5	112.3	74.12	28.97	169.3	49.2318	49.34144	63.074	67.03	2.7
4/11/2018	236.3	108.5	223.2	106.81	142.9	110.85	190.6	181.5	110.3	72.4	28.97	170.3	49.27942	49.38716	66.022	71.24	2.694
4/18/2018	237.3	109.45	223.2	107.16	144.9	112.85	192.6	183.5	110.3	72.4	28.97	172.3	49.32114	49.39684	67.546	73.39	2.747
4/25/2018	240.3	112.12	227.2	110.52	146.9	115.85	195.6	186.5	113.3	74.98	28.97	174.3	49.3111	49.39748	67.912	74.98	2.798
5/2/2018	243.3	114.71	230.2	113.28	149.9	116.85	197.6	187.5	113.3	74.98	28.97	177.3	49.30345	49.399325	68.382	74.42	2.846
5/9/2018	242.3	114.02	227.2	110.69	147.9	117.85	197.6	183.5	117.3	78.43	28.97	175.3	49.3104	49.39946	70.556	76.68	2.845
5/16/2018	241.3	112.98	227.2	110.52	149.9	119.85	200.6	184.5	116.3	77.57	28.97	177.3	49.30224	49.40316	71.296	78.75	2.873
5/23/2018	246.3	117.21	232.2	114.83	153.9	124.85	204.6	189.5	118.3	79.29	28.97	181.3	49.32162	49.40354	70.978	78.59	2.923
5/30/2018	249.3	120.05	234.2	116.55	154.9	127.85	206.6	191.5	120.3	81.02	28.97	183.3	49.31672	49.40392	66.9575	75.35	2.962
6/6/2018	245.3	116.69	231.2	114.22	152.9	123.85	203.6	189.5	119.3	80.16	28.97	180.3	49.30424	49.40548	65.35	73.978	2.94
6/13/2018	241.3	113.33	226.2	110.09	149.9	121.85	199.6	184.5	118.3	79.29	28.97	177.3	49.31042	49.40972	66.206	74.26	2.911
6/20/2018	240.3	112.81	225.2	109.14	150.9	121.85	200.6	186.5	117.3	78.43	28.97	177.3	49.32754	49.42208	66.324	74.116	2.879
6/27/2018	236.3	109.19	222.2	106.64	146.9	120.85	197.6	183.5	116.3	77.57	28.97	174.3	49.34008	49.42946	74.026	75.238	2.833
7/4/2018	238.3	110.48	223.2	107.07	147.9	123.85	197.6	182.5	116.3	77.57	28.97	174.3	49.36442	49.45046	73.7275	76.328	2.844
7/11/2018	242.3	114.28	228.2	111.55	150.9	128.85	201.6	187.5	120.3	81.02	28.97	178.3	49.43764	49.54576	71.964	75.29	2.857
7/18/2018	241.3	113.41	228.2	111.64	151.9	129.85	200.6	186.5	121.3	81.88	28.97	177.3	49.53528	49.63244	68.952	71.27	2.865
7/25/2018	239.3	111.6	224.2	108.19	147.9	125.85	196.6	182.5	120.3	81.02	28.97	174.3	49.57764	49.672	70.01	74	2.831
8/1/2018	241.3	113.33	226.2	109.91	148.9	125.85	198.6	184.5	123.3	83.6	28.97	176.3	49.60116	49.67712	69.462	73.372	2.846
8/8/2018	241.3	113.33	226.2	110	150.9	125.85	199.6	184.5	123.3	83.6	28.97	178.3	49.63084	49.6972	67.904	71.416	2.852
8/15/2018	241.3	113.59	226.2	109.91	148.9	122.85	199.6	184.5	122.3	82.74	28.97	176.3	49.641	49.723675	66.146	69.824	2.843
8/22/2018	241.3	113.5	228.2	111.64	147.9	120.85	198.6	187.5	122.3	82.74	28.97	177.3	49.66002	49.74816	68.102	72.772	2.821
8/29/2018	241.3	113.33	228.2	111.64	148.9	120.85	198.6	188.5	122.3	82.74	28.97	175.7	49.68712	49.76954	69.656	76.076	2.827
9/5/2018	242.4	114.45	230.7	113.97	152.9	122.85	202.6	191.5	124.3	84.47	28.97	178.7	49.72464	49.799	68.5125	76.644	2.824
9/12/2018	243.4	113.67	232.7	114.05	155.9	125.35	206.9	195.8	127.6	88.17	28.97	183.6	49.7395	49.8126	68.958	78.108	2.833
9/19/2018	241.6	113.67	231.2	114.31	155.9	125.35	206.9	195.8	128.6	88.17	28.97	183.6	49.76474	49.8262	70.276	78.966	2.841
9/26/2018	240.6	112.64	230.2	113.36	153.9	125.35	205.9	193.8	127.6	87.31	28.97	181.6	49.7748	49.8514	72.838	81.846	2.844
10/3/2018	240.6	112.72	230.2	113.36	153.9	125.35	205.9	193.8	127.6	87.31	28.97	181.6	49.79966	49.87846	75.126	85.442	2.866
10/10/2018	240.6	112.47	230.2	113.28	153.9	125.35	205.9	193.8	127.6	87.31	28.97	181.6	49.84232	49.91164	72.956	83.052	2.903
10/17/2018	240.6	112.29	230.2	113.1	153.9	125.35	205.9	193.8	127.6	87.31	28.97	181.6	49.92984	50.01378	70.238	80.406	2.879
10/24/2018	240.4	112.12	229.2	112.16	153.9	125.35	205.9	193.8	125.6	85.59	28.97	181.6	49.96832	50.04614	67.426	78.232	2.841
10/31/2018	237.4	109.79	226.2	109.75	157.7	130.45	205.9	193.8	121.8	82.31	28.97	185.7	49.99784	50.07922	65.056	74.088	2.811
11/7/2018	235	107.81	223.3	107.41	156.6	131.45	207.9	195.8	119.4	80.24	28.97	184.7	50.033425	50.111875	61.574	70.34	2.753
11/14/2018	230.1	102.98	218.3	102.67	154.2	129.35	205.9	193.8	116.4	77.66	28.97	182.1	50.06164	50.13806	56.916	66.21	2.686
11/21/2018	224.6	97.98	212.6	97.59	148.6	125.25	201.5	191.2	111.6	73.52	28.97	176.6	50.08324	50.15096	54.9866667	61.22	2.611
11/28/2018	219.8	93.76	208.6	94.14	145.6	122.25	197	186.4	109.6	71.79	28.97	172.6	50.10574	50.1637	51.014	58.65	2.539
12/5/2018	216.8	91.17	204.4	90.52	141.6	119.25	191.8	180.4	107.6	70.07	28.97	168.6	50.11972	50.17656	52.626	60.466	2.451
12/12/2018	214.7	89.02	201.4	87.85	138.6	116.45	186.8	174.9	106.6	69.21	28.97	164.9	50.13502	50.19322	51.542	59.51	2.421
12/19/2018	213.7	88.16	199.9	86.47	136.6	114.45	184.3	171.9	107.6	70.07	28.97	162.8	50.15032	50.2154	46.98	54.644	2.369
12/26/2018	210.7	85.4	196.1	83.1	132.5	109.25	179.4	196.1	105.6	68.35	28.97	158.6	50.17885	50.24925	45.2233333	51.03	2.321
1/2/2019	207.3	82.47	192.7	80.09	129.7	105.85	175.7	165.1	104.6	67.48	28.97	155.6	50.2148	50.292025	46.9966667	54.31	2.266
1/9/2019	205.5	80.91	191	78.54	127.3	103.85	173.7	162.2	103.6	66.62	28.97	152.9	50.26072	50.3403	50.78	58.636	2.237
1/16/2019	208.4	83.24	192.6	79.91	130	107.15	176.8	165.8	103.6	66.62	28.97	156	50.3049	50.3882	51.924	58.8	2.247
1/23/2019	211.9	86.26	195.3	82.16	133.5	110.75	180.9	169.6	104.8	67.66	28.97	159.8	50.3179	50.319	52.875	61.342	2.251
1/30/2019	214.4	88.24	197.4	83.88	135.5	112.95	184.1	172.4	105.5	68.26	28.97	162	50.33594	50.43574	53.634	61.38	2.256
2/6/2019	214.4	88.16	197.4	83.97	137.1	114.25	185.3	172.4	106.1	68.78	28.97	163.7	50.36072	50.46302	53.526	61.71	2.254
2/13/2019	214.6	88.41	198.6	85	138.4	117.05	186.2	173.4	106.6	69.21	28.97	165.1	50.39824	50.48868	53.878	63.36	2.276
2/20/2019	215.7	89.28	200.2	86.47	139	119.65	186.9	174.6	104	66.97	28.97	165.7	50.42146	50.50546	56.745	66.58	2.317
2/27/2019	217.6	91.09	202.2	88.36	140.2	121.55	188.3	176	104.9	67.74	28.97	167	50.429275	50.525725	56.122	64.564	2.39
3/6/2019	221.6	94.62	206.3	91.9	142.2	123.95	191.2	179.1	106.5	69.12	28.97	169.1	50.4271	50.53484	56.348	64.734	2.422
3/13/2019	224.9	97.64	209.3	94.57	142.7	124.45	195.8	181.2	106.6	69.21	28.97	169.6	50.43616	50.5426	57.81	65.714	2.471
3/20/2019	230.8	102.64	215.2	99.57	142.7	122.45	197.5	181.2	106.6	69.21	28.97	169.6	50.44412	50.54908	59.436	67.344	2.548
3/27/2019	235.3	106.52	219.7	103.45	142.7	122.45	195.5	180.2	105.1	67.91	28.97	169.6	50.4488	50.5491	59.49	67.248	2.623
4/3/2019	238.4	109.79	223	106.47	142.7	120.96	194.6	180.2	103.1	66.19	28.97	169.6	50.45526	50.551	62.36	69.54	2.691
4/10/2019	239	110.57	224.7	108.02	142.7	122.36	193.2	180.2	103.1	66.19	28.97	169.6	50.4533	50.552	64.262	71.096	2.745
4/17/2019	239	110.66	224.7	108.19	142.7	122.36	193.2	180.2	103.1	66.19	28.97	169.6	50.45503333	50.55223333	63.56	71.255	2.828
4/24/2019	239	110.83	224.7	108.45	142.7	122.36	193.2	180.2	103.1	66.19	28.97	169.6	50.4577	50.55364	65.7725	73.4875	2.841
5/1/2019	242.8	113.85	228.8	111.9	145.6	124.46	196	183.4	103.5	66.54	28.97	172.7	50.4583	50.554275	62.79	71.586	2.887
5/8/2019	244.7	115.66	231.3	113.97	147.3	127.16	197.7	185.3	103.7	66.71	28.97	174.5	50.46066	50.5584	61.814	71.252	2.897
5/15/2019	241.1	112.72	227.3	110.43	145.7	125.16	197.5	184	101.8	65.07	28.97	172.8	50.46524	50.56456	62.104	73.322	2.866
5/22/2019	238.3	110.32	224.1	108.02	144.9	123.06	196.8	183.6	101.3	64.64	28.97	171.8	50.46974	50.56926	60.722	70.888	2.852
5/29/2019	237.2	109.45	222.5	106.72	149.1	121.56	198.3	183.8	99.6	63.17	28.97	176.2	50.47414	50.57322	56.928	69.29	2.822
6/5/2019	235.5	107.98	220.8	105.09	146.6	119.16	195.6	181.3	98.3	62.05	28.97	173.5	50.50572	50.61052	52.998	63.146	2.807
6/12/2019	228.4	101.86	214.3	99.4	139.5	113.26	187.9	173.5	94.3	58.6	28.97	165.8	50.5966	50.71232	52.492	63.188	2.732
6/19/2019	226	100.05	212	97.68	137.6	111.76	185.9	171.5	92.3	56.88	28.97	163.71	50.66775	50.7854	54.73	64.038	2.67
6/26/2019	224.4	98.59	210.3	93.21	137	110.26	185.4	171.1	91	55.76	28.97	163	50.69448	50.81404	57.9	66.51	2.654
7/3/2019	227.4	101.17	213.3	98.79	139.6	113.46	188.2	174	91.6	56.28	28.97	165.9	50.70658	50.82536	57.32333333	63.84	2.713
7/10/2019	227.4	101.34	213.3	98.97	139.6	113.46	188.2	174	91.6	56.28	28.97	165.9	50.7529	50.87102	59.024	65.978	2.743
7/17/2019	227.4	101.17	213.3	98.88	139.6	113.46	188.2	174	91.6	56.28	28.97	165.9	50.8414	50.9475	56.748	63.628	2.779
7/24/2019	227.4	101.09	213.3	98.71	139.6	113.46	188.2	174	91.6	56.28	28.97	165.9	50.89566	50.98462	56.054	62.8	2.75
7/31/2019	230.9	104.36	216.1	101.21	142.8	115.86	189.1	176.9	91.7	56.37	28.97	169.4	50.92274	51.02654	56.546	62.586	2.715
8/7/2019	233.1	106.26	218.2	103.1	144.8	119.56	191.5	178.8	91.7	56.36	28.97	171.5	50.95918	51.07882	53.276	57.328	2.688
8/14/2019	229.8	103.41	215	100.26	141.5	113.46	188.4	176.1	92.3	56.88	28.97	167.8	51.029	51.148675	55.306	58.252	2.624
8/21/2019	226.6	100.57	211.7	97.59	139.3	107.46	186.2	174.5	91.6	56.28	28.97	165.4	51.1168	51.24034	55.496	59.574	2.598
8/28/2019	225.2	99.28	210.3	96.21	138.5	104.76	185.6	174.1	90.5	55.34	28.97	164.6	51.1736	51.28286	55.206	59.826	2.574
9/4/2019	225.2	99.45	210.3	96.21	138.5	104.76	185.6	174.1	91.9	56.54	28.97	164.6	51.20664	51.34898	55.7275	60.228	2.563
9/11/2019	223.4	97.9	208.6	94.83	139	104.86	187.1	175.3	92.2	56.79	29.97	165.1	51.24946	51.38528	56.16	62.738	2.55
9/18/2019	224.3	98.67	209.5	95.52	140.6	107.36	188.9	176.5	93.4	57.83	29.97	166.8	51.5709	51.67492	59.332	65.556	2.552
9/25/2019	226.2	100.31	211.4	97.25	142.5	110.06	190.7	179.4	94	58.35	29.97	168.8	52.07	52.186775	56.896	63.152	2.654
10/2/2019	229.4	102.9	214.8	99.83	146.9	109.66	196.4	184.5	94.9	59.13	29.97	173.8	52.25502	52.40934	53.122	59.222	2.642
10/9/2019	226.8	100.74	211.9	97.59	144.6	105.96	193.6	181.1	94.5	58.78	29.97	171.2	52.60494	52.72832	53.272	59.394	2.645
10/16/2019	225.9	99.97	211.2	96.81	144	110.36	193.2	180.7	95.5	59.65	29.97	170.5	52.70566	52.84132	53.488	59.322	2.629
10/23/2019	228.1	101.87	213.7	99.05	144.5	104.06	194.1	181.9	96.6	60.59	29.97	171	52.72828	52.85886	55.204	60.748	2.638
10/30/2019	228.4	101.95	214	99.31	145.6	97.06	194.8	182.9	97.5	61.36	29.97	172.1	52.74492	52.85728	55.17	60.226	2.596
11/6/2019	229.1	102.38	214.8	99.74	145.2	90.66	194.6	182.8	97.6	61.45	29.97	171.8	52.760725	52.860175	56.69	62.39	2.605
11/13/2019	229.8	103.07	215.5	100.34	144.2	96.56	193.5	180.7	99.3	62.91	29.97	170.6	52.76038	52.86194	56.854	62.564	2.615
11/20/2019	228.6	101.95	214.2	99.31	143.5	91.56	192.6	179.7	100.7	64.13	29.97	169.9	52.75414	52.8713	56.9	63.762	2.592
11/27/2019	227.5	101	213	98.28	140.9	84.16	191	178	101.9	65.16	29.97	167.2	52.78512	52.88376	58.05333	64.74	2.579
12/4/2019	229.3	102.47	214.8	99.66	142.9	87.86	192.8	179.8	103	66.11	29.97	169.4	52.80098	52.88918	57.626	62.266	2.575
12/11/2019	226.9	100.14	212.1	97.33	143.8	89.16	193.1	180.5	103.1	66.19	29.97	170.4					
